Type: 1 
Bin: 0 
place side object: 0 
Object: 0 
Iteration: 0 
Particle positions: [[ 145   78   63   -4   24  -26  -43   67 -171  -75 -281  258  200 -242
   242]] 
Fitness: [12301 12180 12132 11884 11991 11834 11753 12146 11030 11584 10286 12348
 12344 10555 12336] 
Iteration: 1 
Particle positions: [[290 197 178  13 110  -1 290 227 290  -2 290 259 290 290 271]] 
Fitness: [12307 12340 12305 11951 12213 11896 12307 12321 12308 11892 12308 12349
 12306 12307 12305] 
Iteration: 2 
Particle positions: [[290 290 280  29 290 290 290 290 290 290 290 259 191 290 231]] 
Fitness: [12306 12306 12300 12006 12307 12307 12307 12307 12306 12307 12307 12349
 12330 12307 12322] 
Iteration: 3 
Particle positions: [[290 248 240 290 290 290 290 289 290 290 290 259 204 290 218]] 
Fitness: [12307 12342 12333 12307 12307 12306 12307 12307 12307 12306 12307 12349
 12349 12307 12317] 
Iteration: 4 
Particle positions: [[264 217 231 290 290 290 290 221 290 290 290 259 224 290 290]] 
Fitness: [12305 12317 12322 12308 12308 12307 12307 12319 12307 12307 12307 12348
 12320 12307 12308] 
Iteration: 5 
Particle positions: [[286 201 230 290 275 290 290 232 290 290 290 259 245 290 290]] 
Fitness: [12304 12345 12322 12307 12303 12306 12307 12323 12307 12307 12307 12349
 12339 12307 12307] 
Iteration: 6 
Particle positions: [[269 248 260 290 270 290 287 277 290 290 290 259 258 290 196]] 
Fitness: [12305 12341 12349 12306 12304 12307 12305 12303 12307 12307 12307 12348
 12348 12307 12338] 
Iteration: 7 
Particle positions: [[264 259 277 268 282 261 257 252 290 287 290 259 190 290 153]] 
Fitness: [12306 12348 12303 12305 12301 12348 12347 12346 12307 12304 12307 12348
 12328 12307 12271] 
Iteration: 8 
Particle positions: [[270 265 254 290 290 244 243 248 273 249 247 259 224 290 290]] 
Fitness: [12305 12305 12346 12307 12307 12338 12337 12342 12304 12342 12341 12349
 12320 12308 12307] 
Iteration: 9 
Particle positions: [[262 252 255 290 282 262 244 262 254 238 229 259 253 259 139]] 
Fitness: [12349 12345 12347 12306 12301 12350 12338 12349 12345 12330 12320 12348
 12346 12349 12288] 
Object: 1 
Iteration: 0 
Particle positions: [[-153 -105  281 -243  169 -131 -249  117  240  123  194 -116  251  255
   105]] 
Fitness: [11398 11731 12272 10577 12458 11558 10513 12473 12377 12481 12464 11660
 12367 12363 12455] 
Iteration: 1 
Particle positions: [[ 266  -37  258  203  109  130 -139  128   60  123  179  -61  243  218
   129]] 
Fitness: [12345 12058 12359 12458 12462     0 11502 12486 12368 12481 12463 11939
 12375 12403 12487] 
Iteration: 2 
Particle positions: [[290 290  33 290  79 290 290 139 290 130 133  66  98 118 149]] 
Fitness: [12247 12247 12338 12247 12405 12247 12248 12453 12247     0 12490 12382
 12442 12475 12457] 
Iteration: 3 
Particle positions: [[179 290  35  88 175 186 290 131 289 129  96 252  -6  44 150]] 
Fitness: [12463 12247 12342 12421 12461 12464 12248 12489 12250 12488 12438 12366
 12193 12370 12457] 
Iteration: 4 
Particle positions: [[ 50 274 238  99 135  91 290 127 -22 130 193 -38 283  10 107]] 
Fitness: [12344 12287 12378 12444 12450 12427 12247 12486 12122     0 12463 12053
 12266 12257 12458] 
Iteration: 5 
Particle positions: [[155  56 180 290  61 141 290 139 290 132 220  49  36 216 127]] 
Fitness: [12457 12359 12463 12248 12369 12454 12246 12453 12247 12490 12400 12341
 12346 12405 12486] 
Iteration: 6 
Particle positions: [[194  -5  93 181 204 238 158 129 290 135  75 223  49  79 141]] 
Fitness: [12463 12196 12432 12463 12458 12378 12458 12487 12248 12450 12399 12396
 12341 12406 12454] 
Iteration: 7 
Particle positions: [[131 218 113  34 205 245  75 129 222 129 115 282 182 114 141]] 
Fitness: [12489 12403 12468 12340 12457 12373 12399 12488 12397 12486 12471 12268
 12463 12469 12454] 
Iteration: 8 
Particle positions: [[ 99 290 161 290 -97  59 151 137  51 133 186  55 239 167 131]] 
Fitness: [12445 12247 12456 12247 11734 12366 12458 12452 12346 12490 12464 12357
 12378 12456 12488] 
Iteration: 9 
Particle positions: [[142 -78 143 186 182  61 186 128 287 134  47 270  74 133 129]] 
Fitness: [12455 11845 12455 12464 12464 12371 12463 12487 12255 12491 12336 12294
 12397 12490 12488] 
Object: 2 
Iteration: 0 
Particle positions: [[-181  162  248 -203  119  -93 -291  169  244  -47 -292  190 -188   54
   223]] 
Fitness: [10966 12754 12582 10629 12738 11881  9012 12750 12593 12228  8983 12690
 10857 12659 12636] 
Iteration: 1 
Particle positions: [[ 290  162  148 -115  183   75 -271  164  233  -39  290  166    0  110
   148]] 
Fitness: [12405 12753 12754 11678 12699 12715  9486 12753 12617 12281 12405 12752
 12451 12732 12753] 
Iteration: 2 
Particle positions: [[290 163  72  -5 115 290 290 158 134 233 290 143 248 221  86]] 
Fitness: [12406 12753 12709 12428 12736 12406 12406 12754 12746 12618 12406 12752
 12582 12639 12738] 
Iteration: 3 
Particle positions: [[290 163  51 290  79 128 290 154  66 290 290 146 290 106  88]] 
Fitness: [12405 12753 12650 12407 12725 12741 12406 12755 12693 12406 12406 12753
 12405 12728 12741] 
Iteration: 4 
Particle positions: [[264 148 215  -6 174   9 290 151 120 158 290 153 158  80 290]] 
Fitness: [12493 12753 12648 12423 12747 12492 12406 12754 12739 12755 12406 12754
 12755 12726 12406] 
Iteration: 5 
Particle positions: [[ 160  149  120 -204  224   55  290  157  170   60  290  159   58   87
   105]] 
Fitness: [12754 12754 12739 10613 12634 12662 12406 12755 12751 12677 12406 12754
 12671 12740 12727] 
Iteration: 6 
Particle positions: [[ 92 161 112  10 132 261  72 157 197 139 290 152 286 117 109]] 
Fitness: [12710 12753     0 12496 12745 12503 12708 12755 12680 12750 12406 12754
 12418 12737 12731] 
Iteration: 7 
Particle positions: [[245 165 237 285 108 230  48 148 111 231  35 151 195 123 183]] 
Fitness: [12591 12752 12610 12420 12730 12623 12640 12753 12733 12621 12594 12754
 12682 12739 12699] 
Iteration: 8 
Particle positions: [[ 216  149   42 -237  288   32  219  155  155  129   23  158   72   71
   121]] 
Fitness: [12646 12754 12618 10153 12413 12581 12642 12755 12755 12742 12547 12754
 12708 12706 12739] 
Iteration: 9 
Particle positions: [[ -2 162  96 290  64  27  65 157 177 101 156 150 190  88 143]] 
Fitness: [12442 12754 12716 12406 12688 12561 12691 12755 12745 12722 12755 12755
 12691 12742 12752] 
place side object: 1 
Object: 0 
Iteration: 0 
Particle positions: [[-224 -249   66 -114   22  156 -175 -113  280   87   53  -92 -183 -290
   107]] 
Fitness: [ 9835  9653 11555 10549 11367 11950 10125 10555 12339 11665 11487 10681
 10078  9452 11772] 
Iteration: 1 
Particle positions: [[ 268 -184  290  290  142  242  290  290  280  290  290  290  169  196
   290]] 
Fitness: [12302 10072 12376 12376 11892 12260 12377 12376 12339 12376 12377 12376
 12011 12129 12376] 
Iteration: 2 
Particle positions: [[290 290 290 290 290 290 290 290 290 290 290 290 290 290 290]] 
Fitness: [12376 12375 12376 12377 12376 12377 12377 12376 12377 12377 12376 12376
 12376 12377 12377] 
Iteration: 3 
Particle positions: [[290 290 290 290 290 290 290 290 290 290 290 290 290 290 290]] 
Fitness: [12376 12377 12376 12376 12377 12376 12376 12377 12377 12376 12377 12376
 12377 12377 12376] 
Iteration: 4 
Particle positions: [[290 290 290 290 290 290 290 290 290 290 290 290 290 290 290]] 
Fitness: [12376 12376 12376 12377 12377 12376 12376 12376 12376 12376 12377 12376
 12377 12376 12376] 
Iteration: 5 
Particle positions: [[290 290 290 290 290 290 290 290 290 290 290 290 290 290 290]] 
Fitness: [12376 12376 12376 12376 12376 12376 12376 12376 12377 12376 12376 12376
 12376 12376 12375] 
Iteration: 6 
Particle positions: [[290 290 290 290 290 290 290 290 290 290 290 290 290 290 290]] 
Fitness: [12375 12376 12376 12376 12376 12377 12376 12376 12377 12375 12376 12377
 12376 12376 12376] 
Iteration: 7 
Particle positions: [[290 290 290 290 290 290 290 290 290 290 290 290 290 290 290]] 
Fitness: [12376 12377 12376 12376 12377 12376 12376 12375 12376 12376 12375 12376
 12376 12376 12376] 
Iteration: 8 
Particle positions: [[290 290 290 290 290 290 290 290 290 290 290 290 290 290 290]] 
Fitness: [12376 12376 12376 12376 12376 12376 12376 12376 12376 12376 12377 12376
 12376 12376 12376] 
Iteration: 9 
Particle positions: [[290 290 290 290 290 290 290 290 290 290 290 290 290 290 290]] 
Fitness: [12376 12376 12376 12376 12376 12376 12376 12375 12376 12376 12377 12376
 12376 12376 12376] 
Object: 1 
Iteration: 0 
Particle positions: [[ -29   87  -97  -72 -160   43 -247  231    0 -199  165  -68  160  217
    96]] 
Fitness: [11343 11945 10907 11073 10451 11735  9754 12288 11511 10169 12178 11099
 12160 12259 11982] 
Iteration: 1 
Particle positions: [[ 290  264  290  199 -157  290  290  230  121  166  214  290  237  236
   290]] 
Fitness: [12324 12302 12324 12225 10472 12324 12323 12286 12031 12180 12255 12324
 12301 12299 12324] 
Iteration: 2 
Particle positions: [[290 290 290 290 290 290 290 278 290 290 257 290 290 290 290]] 
Fitness: [12324 12324 12324 12324 12324 12324 12323 12316 12324 12324 12337 12324
 12324 12324 12324] 
Iteration: 3 
Particle positions: [[290 290 290 290 290 290 290 290 290 290 290 290 290 290 290]] 
Fitness: [12325 12324 12324 12323 12325 12324 12324 12323 12324 12324 12325 12323
 12324 12324 12324] 
Iteration: 4 
Particle positions: [[290 290 290 290 290 290 290 290 290 290 278 290 290 274 290]] 
Fitness: [12324 12324 12324 12324 12324 12324 12324 12324 12324 12324 12316 12324
 12324 12313 12324] 
Iteration: 5 
Particle positions: [[290 290 290 290 290 290 290 237 278 290 226 290 287 259 290]] 
Fitness: [12324 12324 12324 12324 12323 12324 12323 12300 12315 12324 12276 12324
 12321 12340 12325] 
Iteration: 6 
Particle positions: [[259 278 290 290 290 281 290 251 268 290 278 283 240 249 290]] 
Fitness: [12340 12316 12324 12324 12324 12317 12324 12327 12307 12324 12316 12318
 12307 12324 12324] 
Iteration: 7 
Particle positions: [[240 257 290 231 290 261 290 273 289 290 265 245 290 264 277]] 
Fitness: [12307 12336 12324 12287 12324 12342 12324 12311 12322 12324 12304 12317
 12324 12302 12315] 
Iteration: 8 
Particle positions: [[288 246 260 290 262 250 259 225 277 262 241 290 290 266 268]] 
Fitness: [12321 12319 12341 12324 12344 12325 12340 12273 12315 12343 12310 12324
 12324 12304 12307] 
Iteration: 9 
Particle positions: [[252 272 247 290 248 260 247 260 255 248 251 268 263 254 264]] 
Fitness: [12329 12311 12321 12324 12323 12341 12321 12341 12334 12322 12327 12308
 12302 12332 12303] 
place side object: 2 
Object: 0 
Iteration: 0 
Particle positions: [[-101  109 -111  -74  155  -75  174   59    6  -94  187  190  142 -143
  -102]] 
Fitness: [ 9773 11081  9725  9916 11395  9910 11467 10752 10405  9806 11548 11566
 11310  9502  9768] 
Iteration: 1 
Particle positions: [[ 28 187 261 155 195 103 196 115 119 290 189 190 174 202 290]] 
Fitness: [10548 11548 11962 11396 11596 11040 11603 11124 11151 12145 11561 11566
 11467 11645 12146] 
Iteration: 2 
Particle positions: [[217 290 290 290 290 290 290 290 290 290 290 290 251 290 290]] 
Fitness: [11745 12146 12146 12146 12145 12146 12146 12145 12146 12145 12145 12146
 11906 12145 12146] 
Iteration: 3 
Particle positions: [[290 290 290 290 290 290 290 290 290 290 290 290 290 290 290]] 
Fitness: [12145 12145 12146 12145 12146 12146 12145 12146 12145 12146 12146 12145
 12146 12146 12145] 
Iteration: 4 
Particle positions: [[290 290 290 290 290 290 290 290 290 290 290 290 290 290 290]] 
Fitness: [12146 12146 12146 12146 12146 12146 12145 12145 12145 12146 12145 12145
 12145 12145 12145] 
Iteration: 5 
Particle positions: [[290 290 290 290 290 290 290 290 290 290 290 290 290 290 290]] 
Fitness: [12146 12145 12145 12146 12145 12145 12145 12146 12145 12145 12145 12145
 12145 12146 12145] 
Iteration: 6 
Particle positions: [[290 290 290 290 290 290 290 290 290 290 290 290 290 290 290]] 
Fitness: [12145 12146 12145 12146 12145 12146 12145 12145 12146 12145 12146 12146
 12146 12145 12146] 
Iteration: 7 
Particle positions: [[290 290 290 290 290 290 290 290 290 290 290 290 290 290 290]] 
Fitness: [12145 12145 12146 12146 12146 12145 12146 12145 12145 12146 12145 12146
 12146 12145 12145] 
Iteration: 8 
Particle positions: [[290 290 290 290 290 290 290 290 290 290 290 290 290 290 290]] 
Fitness: [12145 12145 12146 12145 12145 12145 12146 12146 12146 12146 12145 12146
 12145 12146 12146] 
Iteration: 9 
Particle positions: [[290 290 290 290 290 290 290 290 290 290 290 290 290 290 290]] 
Fitness: [12145 12145 12145 12146 12145 12146 12146 12145 12146 12145 12146 12145
 12145 12145 12146] 
