Type: 0 
Bin: 0 
place side object: 0 
Object: 0 
Iteration: 0 
Particle positions: [[ 286 -161  222 -171  -28 -212  180 -278  146 -159  203  198 -201   70
     7  280  160  243   13  238]] 
Fitness: [ 5587 11954  6443 12038 10332 12359  7071 12780  7595 11937  6726  6801
 12275  8821  9817  5658  7381  6142  9726  6213] 
Iteration: 1 
Particle positions: [[  96 -196 -300 -300 -300 -300 -229 -278    9 -300 -300 -175 -279 -300
  -300 -300 -300  -33 -300 -300]] 
Fitness: [ 8393 12236 12859 12859 12858 12859 12476 12779  9787 12859 12859 12072
 12784 12859 12860 12859 12859 10404 12859 12859] 
Iteration: 2 
Particle positions: [[-300 -300 -300 -300 -300 -300 -300 -290 -300 -300 -300 -300 -300 -300
  -300 -300 -300 -300 -300 -300]] 
Fitness: [12859 12859 12859 12858 12859 12860 12860 12826 12859 12859 12859 12858
 12860 12859 12859 12860 12859 12858 12859 12859] 
Iteration: 3 
Particle positions: [[-300 -300 -300 -300 -300 -300 -300 -300 -300 -300 -300 -300 -300 -300
  -300 -300 -300 -300 -300 -300]] 
Fitness: [12858 12860 12859 12859 12859 12860 12860 12858 12859 12859 12859 12859
 12860 12859 12860 12859 12859 12859 12859 12860] 
Iteration: 4 
Particle positions: [[-300 -300 -300 -300 -300 -300 -300 -300 -300 -300 -300 -300 -300 -300
  -300 -300 -300 -300 -300 -300]] 
Fitness: [12860 12859 12860 12859 12859 12860 12858 12859 12859 12859 12859 12859
 12859 12859 12859 12858 12859 12859 12860 12860] 
Iteration: 5 
Particle positions: [[-300 -300 -300 -300 -300 -300 -300 -300 -300 -300 -300 -300 -300 -300
  -300 -300 -300 -300 -300 -300]] 
Fitness: [12859 12859 12859 12859 12859 12860 12859 12860 12859 12858 12858 12859
 12859 12859 12859 12859 12859 12860 12860 12858] 
Iteration: 6 
Particle positions: [[-300 -300 -300 -300 -300 -300 -300 -300 -300 -300 -300 -300 -300 -300
  -300 -300 -300 -300 -300 -300]] 
Fitness: [12859 12859 12859 12859 12860 12859 12859 12859 12860 12858 12859 12859
 12859 12859 12859 12858 12859 12859 12859 12860] 
Iteration: 7 
Particle positions: [[-300 -300 -300 -300 -300 -300 -300 -300 -300 -300 -300 -300 -300 -300
  -300 -300 -300 -300 -300 -300]] 
Fitness: [12859 12859 12859 12858 12859 12859 12859 12858 12859 12859 12858 12859
 12858 12860 12859 12859 12859 12859 12859 12860] 
Iteration: 8 
Particle positions: [[-300 -300 -300 -300 -300 -300 -300 -300 -300 -300 -300 -300 -300 -300
  -300 -300 -300 -300 -300 -300]] 
Fitness: [12859 12859 12859 12859 12859 12859 12859 12859 12859 12859 12859 12858
 12859 12859 12859 12859 12860 12859 12859 12858] 
Iteration: 9 
Particle positions: [[-300 -300 -300 -300 -300 -300 -300 -300 -300 -300 -300 -300 -300 -300
  -300 -300 -300 -300 -300 -300]] 
Fitness: [12860 12858 12859 12859 12859 12859 12859 12859 12859 12860 12859 12859
 12859 12860 12860 12859 12858 12859 12858 12859] 
Iteration: 10 
Particle positions: [[-300 -300 -300 -300 -300 -300 -300 -300 -300 -300 -300 -300 -300 -300
  -300 -300 -300 -300 -300 -300]] 
Fitness: [12859 12858 12859 12859 12859 12860 12860 12859 12859 12860 12860 12859
 12859 12859 12859 12859 12860 12860 12860 12860] 
Iteration: 11 
Particle positions: [[-300 -300 -300 -300 -300 -300 -300 -300 -300 -300 -300 -300 -300 -300
  -300 -300 -300 -300 -300 -300]] 
Fitness: [12859 12860 12859 12859 12859 12860 12860 12859 12860 12860 12859 12859
 12860 12859 12859 12859 12859 12858 12858 12859] 
Iteration: 12 
Particle positions: [[-300 -300 -300 -300 -300 -300 -300 -300 -300 -300 -300 -300 -300 -300
  -300 -300 -300 -300 -300 -300]] 
Fitness: [12858 12859 12859 12859 12858 12859 12859 12859 12859 12860 12860 12860
 12859 12859 12860 12860 12860 12859 12860 12859] 
Iteration: 13 
Particle positions: [[-300 -300 -300 -300 -300 -300 -300 -300 -300 -300 -300 -300 -300 -300
  -300 -300 -300 -300 -300 -300]] 
Fitness: [12859 12859 12859 12860 12859 12859 12859 12859 12859 12859 12859 12860
 12859 12859 12860 12859 12859 12859 12859 12858] 
Iteration: 14 
Particle positions: [[-300 -300 -300 -300 -300 -300 -300 -300 -300 -300 -300 -300 -300 -300
  -300 -300 -300 -300 -300 -300]] 
Fitness: [12859 12860 12859 12858 12860 12860 12859 12859 12859 12859 12859 12859
 12860 12860 12859 12860 12859 12859 12859 12858] 
Iteration: 15 
Particle positions: [[-300 -300 -300 -300 -300 -300 -300 -300 -300 -300 -300 -300 -300 -300
  -300 -300 -300 -300 -300 -300]] 
Fitness: [12859 12859 12859 12858 12859 12860 12859 12859 12859 12859 12860 12860
 12859 12860 12859 12859 12859 12860 12859 12859] 
Iteration: 16 
Particle positions: [[-300 -300 -300 -300 -300 -300 -300 -300 -300 -300 -300 -300 -300 -300
  -300 -300 -300 -300 -300 -300]] 
Fitness: [12859 12860 12859 12859 12859 12859 12860 12860 12859 12859 12859 12859
 12859 12860 12859 12859 12859 12860 12859 12859] 
Iteration: 17 
Particle positions: [[-300 -300 -300 -300 -300 -300 -300 -300 -300 -300 -300 -300 -300 -300
  -300 -300 -300 -300 -300 -300]] 
Fitness: [12859 12859 12859 12859 12860 12859 12859 12859 12859 12860 12860 12860
 12860 12859 12859 12859 12860 12860 12860 12859] 
Iteration: 18 
Particle positions: [[-300 -300 -300 -300 -300 -300 -300 -300 -300 -300 -300 -300 -300 -300
  -300 -300 -300 -300 -300 -300]] 
Fitness: [12860 12858 12859 12860 12860 12858 12859 12860 12860 12859 12859 12858
 12859 12859 12859 12859 12858 12858 12859 12859] 
Iteration: 19 
Particle positions: [[-300 -300 -300 -300 -300 -300 -300 -300 -300 -300 -300 -300 -300 -300
  -300 -300 -300 -300 -300 -300]] 
Fitness: [12859 12860 12859 12859 12860 12860 12859 12859 12859 12859 12859 12859
 12859 12859 12859 12859 12859 12859 12859 12859] 
Object: 1 
Iteration: 0 
Particle positions: [[  96  214  120  228   -8 -110  172  -28  171   39    5  147  149  126
    38  138  -68   84  187 -104]] 
Fitness: [ 8875  6779  8454  6553 10571 11907  7522 10864  7540  9835 10374  7972
  7936  8346  9851  8131 11368  9080  7254 11833] 
Iteration: 1 
Particle positions: [[-140 -264  -79 -300 -136 -109  -78  -68 -300   25  -10   30 -270 -276
  -138  -11 -142    2 -203 -111]] 
Fitness: [12220 13076 11515 13146 12183 11894 11501 11368 13148 10062 10601  9981
 13094 13110 12202 10616 12240 10419 12742 11918] 
Iteration: 2 
Particle positions: [[-300 -300 -300 -300 -300 -287 -300 -132 -300 -110 -153 -300 -300 -300
  -300 -300 -300 -300 -300 -300]] 
Fitness: [13147 13147 13146 13147 13148 13132 13148 12146 13147 11907 12377 13148
 13148 13148 13146 13147 13147 13147 13148 13147] 
Iteration: 3 
Particle positions: [[-300 -300 -300 -300 -300 -300 -300 -300 -300 -300 -300 -300 -300 -300
  -300 -300 -300 -300 -300 -300]] 
Fitness: [13147 13147 13147 13148 13147 13147 13148 13147 13147 13147 13148 13148
 13147 13147 13148 13147 13147 13147 13147 13147] 
Iteration: 4 
Particle positions: [[-300 -300 -300 -300 -300 -300 -300 -300 -300 -300 -300 -300 -300 -300
  -300 -300 -300 -300 -300 -300]] 
Fitness: [13147 13147 13147 13147 13148 13146 13147 13148 13147 13147 13147 13147
 13148 13147 13147 13147 13148 13147 13149 13146] 
Iteration: 5 
Particle positions: [[-300 -300 -300 -300 -300 -300 -300 -300 -300 -300 -300 -300 -300 -300
  -300 -300 -300 -300 -300 -300]] 
Fitness: [13148 13148 13147 13147 13147 13148 13148 13148 13147 13147 13148 13147
 13148 13147 13148 13148 13148 13147 13148 13147] 
Iteration: 6 
Particle positions: [[-300 -300 -300 -300 -300 -300 -300 -300 -300 -300 -300 -300 -300 -300
  -300 -300 -300 -300 -300 -300]] 
Fitness: [13147 13147 13147 13147 13146 13148 13147 13147 13148 13147 13148 13147
 13147 13147 13147 13147 13147 13148 13147 13148] 
Iteration: 7 
Particle positions: [[-300 -300 -300 -300 -300 -300 -300 -300 -300 -300 -300 -300 -300 -300
  -300 -300 -300 -300 -300 -300]] 
Fitness: [13148 13147 13148 13146 13147 13148 13148 13147 13146 13146 13147 13147
 13147 13147 13146 13147 13148 13148 13146 13148] 
Iteration: 8 
Particle positions: [[-300 -300 -300 -300 -300 -300 -300 -300 -300 -300 -300 -300 -300 -300
  -300 -300 -300 -300 -300 -300]] 
Fitness: [13148 13148 13148 13148 13149 13147 13147 13147 13146 13148 13148 13147
 13147 13147 13147 13147 13147 13148 13148 13147] 
Iteration: 9 
Particle positions: [[-300 -300 -300 -300 -300 -300 -300 -300 -300 -300 -300 -300 -300 -300
  -300 -300 -300 -300 -300 -300]] 
Fitness: [13149 13148 13147 13147 13147 13146 13147 13148 13147 13147 13148 13146
 13148 13147 13147 13148 13148 13147 13148 13146] 
Iteration: 10 
Particle positions: [[-300 -300 -300 -300 -300 -300 -300 -300 -300 -300 -300 -300 -300 -300
  -300 -300 -300 -300 -300 -300]] 
Fitness: [13147 13146 13148 13147 13148 13147 13148 13148 13147 13147 13147 13147
 13147 13149 13147 13146 13147 13147 13147 13147] 
Iteration: 11 
Particle positions: [[-300 -300 -300 -300 -300 -300 -300 -300 -300 -300 -300 -300 -300 -300
  -300 -300 -300 -300 -300 -300]] 
Fitness: [13147 13147 13147 13146 13148 13147 13148 13148 13147 13148 13147 13147
 13147 13147 13147 13147 13147 13146 13148 13147] 
Iteration: 12 
Particle positions: [[-300 -300 -300 -300 -300 -300 -300 -300 -300 -300 -300 -300 -300 -300
  -300 -300 -300 -300 -300 -300]] 
Fitness: [13147 13147 13147 13148 13148 13148 13147 13147 13147 13147 13147 13147
 13147 13147 13147 13147 13147 13147 13147 13148] 
Iteration: 13 
Particle positions: [[-300 -300 -300 -300 -300 -300 -300 -300 -300 -300 -300 -300 -300 -300
  -300 -300 -300 -300 -300 -300]] 
Fitness: [13148 13147 13148 13147 13147 13146 13147 13147 13148 13147 13147 13148
 13147 13149 13147 13147 13148 13148 13148 13147] 
Iteration: 14 
Particle positions: [[-300 -300 -300 -300 -300 -300 -300 -300 -300 -300 -300 -300 -300 -300
  -300 -300 -300 -300 -300 -300]] 
Fitness: [13149 13148 13148 13147 13148 13148 13148 13147 13147 13148 13147 13147
 13147 13148 13147 13148 13147 13146 13147 13147] 
Iteration: 15 
Particle positions: [[-300 -300 -300 -300 -300 -300 -300 -300 -300 -300 -300 -300 -300 -300
  -300 -300 -300 -300 -300 -300]] 
Fitness: [13148 13147 13148 13146 13148 13148 13148 13147 13146 13147 13147 13147
 13149 13147 13147 13148 13148 13147 13148 13148] 
Iteration: 16 
Particle positions: [[-300 -300 -300 -300 -300 -300 -300 -300 -300 -300 -300 -300 -300 -300
  -300 -300 -300 -300 -300 -300]] 
Fitness: [13147 13148 13148 13147 13148 13148 13147 13148 13148 13148 13148 13148
 13147 13147 13148 13149 13148 13148 13149 13148] 
Iteration: 17 
Particle positions: [[-300 -300 -300 -300 -300 -300 -300 -300 -300 -300 -300 -300 -300 -300
  -300 -300 -300 -300 -300 -300]] 
Fitness: [13148 13148 13147 13148 13149 13148 13147 13147 13147 13147 13147 13147
 13147 13148 13148 13147 13148 13148 13148 13146] 
Iteration: 18 
Particle positions: [[-300 -300 -300 -300 -300 -300 -300 -300 -300 -300 -300 -300 -300 -300
  -300 -300 -300 -300 -300 -300]] 
Fitness: [13147 13146 13147 13147 13147 13147 13147 13147 13148 13147 13146 13148
 13148 13147 13147 13147 13148 13148 13148 13149] 
Iteration: 19 
Particle positions: [[-300 -300 -300 -300 -300 -300 -300 -300 -300 -300 -300 -300 -300 -300
  -300 -300 -300 -300 -300 -300]] 
Fitness: [13148 13148 13148 13146 13148 13147 13148 13147 13148 13148 13148 13147
 13148 13148 13147 13147 13147 13148 13147 13147] 
Object: 2 
Iteration: 0 
Particle positions: [[-141  232  195  118   47  -53  206   36  192 -263   96  -35 -186 -115
  -153  276   -6  249 -180  -97]] 
Fitness: [12594  6898  7575  8988 10207 11631  7370 10386  7631 13089  9380 11392
 12916 12367 12684  6143 11033  6596 12886 12170] 
Iteration: 1 
Particle positions: [[-186 -235 -124 -245 -188 -150 -222 -273  -56 -263 -300 -115 -245 -130
  -154 -300 -300   51 -300 -195]] 
Fitness: [12917 13069 12457 13085 12925 12662 13042 13112 11670 13088 13034 12367
 13084 12506 12691 13034 13033 10140 13034 12958] 
Iteration: 2 
Particle positions: [[-300 -300 -300 -300 -300 -276 -300 -300 -300 -279 -300 -300 -300 -253
  -294 -300 -300 -300 -300 -300]] 
Fitness: [13034 13034 13034 13035 13034 13107 13033 13034 13034     0 13034 13034
 13034 13090 13058 13034 13035 13036 13034 13034] 
Iteration: 3 
Particle positions: [[-300 -300 -300 -300 -300 -300 -300 -300 -300 -266 -300 -300 -271 -300
  -300 -300 -300 -300 -300 -300]] 
Fitness: [13034 13035 13034 13034 13034 13035 13034 13035 13034 13087 13034 13034
 13080 13034 13035 13033 13035 13034 13034 13035] 
Iteration: 4 
Particle positions: [[-300 -300 -300 -300 -300 -299 -300 -300 -300 -263 -300 -300 -243 -300
  -300 -300 -300 -300 -292 -300]] 
Fitness: [13035 13034 13034 13035 13034 13038 13034 13034 13034 13089 13034 13034
 13082 13034 13034 13035 13034 13033 13066 13034] 
Iteration: 5 
Particle positions: [[-300 -300 -300 -300 -300 -252 -300 -291 -300 -269 -300 -300 -224 -273
  -289 -300 -300 -300 -259 -300]] 
Fitness: [13034 13034 13035 13035 13034 13091 13035 13070 13035 13084 13034 13034
 13047 13113 13076 13034 13034 13035 13089 13033] 
Iteration: 6 
Particle positions: [[-259 -300 -300 -277 -300 -245 -300 -261 -300 -265 -300 -300 -300 -252
  -269 -300 -300 -300 -234 -300]] 
Fitness: [13091 13033 13035 13106 13033 13085 13034 13090 13034 13087 13034 13034
 13035 13089 13083 13034 13034 13034 13066 13035] 
Iteration: 7 
Particle positions: [[-230 -300 -300 -255 -272 -284 -274 -252 -300 -274 -300 -300 -253 -300
  -259 -300 -300 -300 -232 -290]] 
Fitness: [13059 13034 13035 13091 13114 13090 13110 13089 13034 13111 13034 13034
 13089 13034 13090 13034 13034 13035 13064 13073] 
Iteration: 8 
Particle positions: [[-300 -227 -280 -277 -252 -292 -254 -285 -300 -279 -300 -286 -234 -300
  -261 -300 -300 -300 -284 -260]] 
Fitness: [13033 13053 13098 13105 13089 13066 13090 13088 13035 13101 13034 13085
 13069 13033 13091 13034 13035 13035 13091 13090] 
Iteration: 9 
Particle positions: [[-266 -182 -260 -287 -262 -267 -286 -270 -286 -268 -276 -264 -297 -231
  -270 -300 -279 -300 -300 -243]] 
Fitness: [13087 12897 13090 13082 13088 13085 13085 13082 13085 13084 13108 13088
 13047 13060 13082 13035 13101 13034 13033 13082] 
Iteration: 10 
Particle positions: [[-248 -262 -272 -280 -291 -275 -281 -265 -268 -270 -253 -255 -230 -278
  -271 -286 -260 -300 -300 -282]] 
Fitness: [13088 13090 13112 13100 13069 13109 13097 13087 13085 13083 13090 13090
 13059 13095 13081 13084 13091 13033 13034 13096] 
Iteration: 11 
Particle positions: [[-285 -300 -279 -262 -280 -274 -264 -287 -260 -276 -251 -275 -207 -300
  -256 -256 -292 -280 -263 -293]] 
Fitness: [13088 13032 13102 13088 13099 13110 13088 13082 13090 13107 13089 13109
 13002 13033 13092 13092 13066 13099 13089 13062] 
Iteration: 12 
Particle positions: [[-252 -269 -272 -271 -266 -272 -269 -270 -266 -270 -300 -287 -202 -258
  -247 -240 -300 -259 -283 -262]] 
Fitness: [13089 13083 13113 13081 13086 13113 13083 13082 13086 13083 13034 13082
 12984 13091 13087 13078 13035 13091 13092 13089] 
Iteration: 13 
Particle positions: [[-271 -239 -268 -284 -265 -270 -284 -265 -266 -269 -270 -257 -296 -259
  -292 -254 -292 -300 -293 -247]] 
Fitness: [13081 13076 13085 13089 13087 13082 13089 13087 13086 13083 13082 13092
 13051 13090 13066 13090 13065 13034 13062 13086] 
Iteration: 14 
Particle positions: [[-267 -300 -272 -284 -274 -273 -272 -277 -267 -278 -259 -276 -300 -295
  -272 -271 -253 -300 -287 -300]] 
Fitness: [13086 13033 13113 13090 13110 13114 13113 13105 13086 13093 13090 13108
 13035 13055 13113 13081 13090 13033 13081 13034] 
Iteration: 15 
Particle positions: [[-257 -277 -274 -269 -275 -274 -265 -280 -273 -277 -277 -284 -258 -235
  -261 -281 -273 -249 -275 -300]] 
Fitness: [13090 13105 13110 13083 13109 13110 13086 13100 13113 13105 13106 13090
 13090 13069 13089 13098 13112 13088 13110 13034] 
Iteration: 16 
Particle positions: [[-278 -263 -273 -272 -272 -270 -279 -274 -275 -263 -278 -268 -257 -281
  -279 -272 -282 -250 -268 -221]] 
Fitness: [13094 13089 13114 13114 13114 13083 13101 13111 13109 13089 13102 13084
 13091 13097 13102 13113 13095 13087 13085 13041] 
Iteration: 17 
Particle positions: [[-285 -273 -271 -273 -270 -272 -271 -266 -273 -273 -268 -269 -271 -289
  -272 -267 -277 -300 -275 -298]] 
Fitness: [13087 13112 13081 13112 13083 13114 13081 13086 13113 13111 13084 13083
 13082 13077 13113 13086 13105 13034 13109 13044] 
Iteration: 18 
Particle positions: [[-262 -277 -272 -271 -275 -273 -268 -268 -270 -278 -268 -283 -257 -261
  -268 -271 -273 -300 -272 -298]] 
Fitness: [13089 13106 13113 13081 13109 13113 13085 13083 13083 13094 13085 13092
 13090 13090 13085 13082 13113 13033 13115 13042] 
Iteration: 19 
Particle positions: [[-273 -272 -273 -271 -273 -272 -271 -275 -273 -267 -280 -272 -263 -280
  -269 -275 -270 -254 -270 -266]] 
Fitness: [13113 13113 13112 13081 13111 13114 13081 13109 13113 13086 13100 13114
 13089 13099 13084 13108 13082 13091 13082 13087] 
place side object: 1 
Object: 0 
Iteration: 0 
Particle positions: [[-141  191   63  -89 -146  196   81   79  273   41  -32  -57  -32  204
   239 -100   37  212 -138  -58]] 
Fitness: [11987  7883  9714 11563 12067  7812  9455  9484  6706 10027 10989 11270
 10989  7695  7193 11656 10082  7579 11964 11280] 
Iteration: 1 
Particle positions: [[-147 -300 -300 -174 -146 -300 -144   34 -300  -12 -255 -180 -185 -262
  -300 -161 -185  148 -145 -136]] 
Fitness: [12074 12761 12761 12252 12067 12761 12009 10124 12761 10737 12629 12287
 12316 12651 12761 12170 12315  8492 12016 11949] 
Iteration: 2 
Particle positions: [[-300 -300 -300 -293 -287 -300 -300 -300 -300 -300 -300 -300 -300 -300
  -300 -300 -300 -300 -300 -300]] 
Fitness: [12762 12762 12761 12754 12743 12761 12762 12761 12761 12761 12761 12761
 12762 12762 12762 12760 12761 12761 12761 12761] 
Iteration: 3 
Particle positions: [[-300 -300 -300 -300 -300 -300 -300 -300 -300 -300 -300 -300 -300 -300
  -300 -300 -300 -300 -300 -300]] 
Fitness: [12761 12761 12761 12761 12761 12761 12761 12760 12761 12761 12761 12759
 12761 12761 12761 12760 12761 12762 12760 12761] 
Iteration: 4 
Particle positions: [[-300 -300 -300 -300 -300 -300 -300 -300 -300 -300 -300 -300 -300 -300
  -300 -300 -300 -300 -300 -300]] 
Fitness: [12761 12761 12760 12761 12761 12761 12761 12761 12761 12761 12761 12761
 12760 12760 12761 12762 12760 12761 12761 12761] 
Iteration: 5 
Particle positions: [[-300 -300 -300 -300 -300 -300 -300 -300 -300 -300 -300 -300 -300 -300
  -300 -300 -300 -300 -300 -300]] 
Fitness: [12761 12761 12761 12761 12761 12760 12761 12761 12761 12761 12761 12762
 12761 12761 12761 12761 12761 12761 12760 12760] 
Iteration: 6 
Particle positions: [[-300 -300 -300 -300 -300 -300 -300 -300 -300 -300 -300 -300 -300 -300
  -300 -300 -300 -300 -300 -300]] 
Fitness: [12761 12761 12761 12761 12761 12761 12761 12762 12761 12760 12761 12760
 12761 12761 12761 12761 12761 12761 12760 12760] 
Iteration: 7 
Particle positions: [[-300 -300 -300 -300 -300 -300 -300 -300 -300 -300 -300 -300 -300 -300
  -300 -300 -300 -300 -300 -300]] 
Fitness: [12761 12760 12761 12760 12760 12760 12761 12761 12761 12761 12761 12761
 12761 12761 12761 12761 12760 12761 12762 12761] 
Iteration: 8 
Particle positions: [[-300 -300 -300 -300 -300 -300 -300 -300 -300 -300 -300 -300 -300 -300
  -300 -300 -300 -300 -300 -300]] 
Fitness: [12761 12761 12761 12761 12761 12761 12761 12761 12761 12761 12761 12761
 12761 12761 12762 12761 12761 12762 12761 12762] 
Iteration: 9 
Particle positions: [[-300 -300 -300 -300 -300 -300 -300 -300 -300 -300 -300 -300 -300 -300
  -300 -300 -300 -300 -300 -300]] 
Fitness: [12761 12761 12761 12760 12761 12761 12761 12761 12761 12760 12760 12761
 12761 12761 12760 12761 12761 12760 12761 12760] 
Iteration: 10 
Particle positions: [[-300 -300 -300 -300 -300 -300 -300 -300 -300 -300 -300 -300 -300 -300
  -300 -300 -300 -300 -300 -300]] 
Fitness: [12761 12760 12761 12761 12761 12761 12760 12761 12761 12761 12761 12761
 12761 12761 12761 12760 12761 12762 12761 12760] 
Iteration: 11 
Particle positions: [[-300 -300 -300 -300 -300 -300 -300 -300 -300 -300 -300 -300 -300 -300
  -300 -300 -300 -300 -300 -300]] 
Fitness: [12761 12761 12761 12760 12759 12761 12760 12761 12760 12760 12760 12761
 12761 12761 12761 12760 12762 12761 12760 12760] 
Iteration: 12 
Particle positions: [[-300 -300 -300 -300 -300 -300 -300 -300 -300 -300 -300 -300 -300 -300
  -300 -300 -300 -300 -300 -300]] 
Fitness: [12761 12761 12761 12760 12760 12761 12761 12761 12761 12761 12760 12760
 12760 12761 12761 12761 12760 12760 12761 12761] 
Iteration: 13 
Particle positions: [[-300 -300 -300 -300 -300 -300 -300 -300 -300 -300 -300 -300 -300 -300
  -300 -300 -300 -300 -300 -300]] 
Fitness: [12761 12761 12760 12761 12760 12760 12762 12761 12760 12760 12760 12761
 12761 12761 12760 12759 12760 12760 12761 12761] 
Iteration: 14 
Particle positions: [[-300 -300 -300 -300 -300 -300 -300 -300 -300 -300 -300 -300 -300 -300
  -300 -300 -300 -300 -300 -300]] 
Fitness: [12760 12761 12761 12761 12761 12760 12760 12760 12761 12761 12761 12760
 12762 12761 12761 12760 12761 12761 12761 12760] 
Iteration: 15 
Particle positions: [[-300 -300 -300 -300 -300 -300 -300 -300 -300 -300 -300 -300 -300 -300
  -300 -300 -300 -300 -300 -300]] 
Fitness: [12760 12760 12761 12760 12760 12761 12761 12761 12761 12761 12760 12761
 12760 12761 12761 12761 12761 12760 12760 12760] 
Iteration: 16 
Particle positions: [[-300 -300 -300 -300 -300 -300 -300 -300 -300 -300 -300 -300 -300 -300
  -300 -300 -300 -300 -300 -300]] 
Fitness: [12761 12760 12761 12761 12761 12760 12760 12761 12760 12761 12761 12761
 12762 12760 12760 12761 12761 12760 12761 12760] 
Iteration: 17 
Particle positions: [[-300 -300 -300 -300 -300 -300 -300 -300 -300 -300 -300 -300 -300 -300
  -300 -300 -300 -300 -300 -300]] 
Fitness: [12762 12761 12761 12761 12761 12761 12761 12761 12761 12760 12761 12760
 12761 12761 12761 12760 12761 12761 12761 12760] 
Iteration: 18 
Particle positions: [[-300 -300 -300 -300 -300 -300 -300 -300 -300 -300 -300 -300 -300 -300
  -300 -300 -300 -300 -300 -300]] 
Fitness: [12761 12760 12761 12760 12760 12760 12761 12761 12762 12761 12761 12762
 12761 12761 12761 12761 12761 12761 12760 12761] 
Iteration: 19 
Particle positions: [[-300 -300 -300 -300 -300 -300 -300 -300 -300 -300 -300 -300 -300 -300
  -300 -300 -300 -300 -300 -300]] 
Fitness: [12761 12760 12761 12761 12760 12761 12760 12761 12761 12760 12761 12761
 12761 12760 12761 12761 12761 12761 12761 12761] 
Object: 1 
Iteration: 0 
Particle positions: [[  30   89   87  248  115   19   82  134  -94 -147 -189  -74 -296   79
  -102  203 -293 -206 -271  251]] 
Fitness: [10709  9841  9871  7237  9432 10864  9948  9123 12154 12550 12825 11979
 13070  9993 12219  7965 13072 12896 13042  7189] 
Iteration: 1 
Particle positions: [[  22 -145 -300 -300 -300  -70  -83 -246 -300 -300 -209 -300 -292   64
  -300 -300 -293 -300 -285  175]] 
Fitness: [10822 12537 13064 13065 13065 11942 12060 13007 13065 13065 12906 13065
 13074 10218 13065 13065 13072 13065 13077  8442] 
Iteration: 2 
Particle positions: [[-300 -300 -300 -300 -300 -224 -300 -300 -300 -300 -300 -300 -285 -300
  -300 -300 -284 -300 -297 -300]] 
Fitness: [13064 13065 13065 13066 13065 12953 13065 13064 13065 13064 13065 13065
 13078 13065 13065 13065 13077 13065 13069 13065] 
Iteration: 3 
Particle positions: [[-300 -300 -300 -300 -300 -300 -300 -300 -300 -300 -300 -300 -279 -300
  -300 -300 -277 -300 -280 -300]] 
Fitness: [13065 13064 13064 13065 13066 13065 13065 13065 13065 13066 13065 13066
 13044 13064 13065 13065 13045 13065 13045 13065] 
Iteration: 4 
Particle positions: [[-300 -300 -300 -300 -300 -300 -300 -300 -300 -300 -300 -300 -286 -300
  -300 -300 -279 -300 -271 -300]] 
Fitness: [13066 13066 13065 13065 13065 13065 13065 13066 13064 13066 13064 13065
 13077 13065 13065 13065 13044 13065 13041 13065] 
Iteration: 5 
Particle positions: [[-300 -300 -300 -300 -300 -300 -300 -300 -300 -300 -300 -300 -289 -300
  -300 -300 -290 -300 -275 -300]] 
Fitness: [13065 13066 13065 13065 13065 13065 13064 13064 13065 13065 13064 13064
 13076 13065 13065 13065 13075 13064 13043 13065] 
Iteration: 6 
Particle positions: [[-300 -300 -300 -300 -300 -300 -300 -300 -300 -300 -300 -300 -286 -300
  -300 -300 -284 -274 -286 -300]] 
Fitness: [13066 13064 13065 13066 13065 13065 13065 13064 13064 13065 13065 13066
 13078 13065 13064 13065 13077 13043 13077 13064] 
Iteration: 7 
Particle positions: [[-300 -300 -300 -300 -300 -300 -300 -300 -300 -294 -300 -300 -281 -300
  -300 -300 -280 -289 -293 -300]] 
Fitness: [13065 13064 13063 13065 13065 13064 13065 13065 13065 13071 13064 13065
 13044 13065 13065 13065 13044 13075 13072 13065] 
Iteration: 8 
Particle positions: [[-300 -300 -300 -300 -300 -300 -300 -300 -300 -288 -295 -300 -283 -300
  -289 -300 -294 -297 -285 -300]] 
Fitness: [13064 13065 13065 13065 13065 13065 13064 13064 13065 13077 13070 13064
 13045 13066 13075 13065 13071 13067 13078 13065] 
Iteration: 9 
Particle positions: [[-300 -300 -300 -300 -300 -300 -300 -300 -281 -283 -279 -300 -285 -300
  -279 -300 -270 -283 -280 -300]] 
Fitness: [13065 13064 13065 13065 13065 13065 13064 13065 13045 13044 13045 13065
 13077 13065 13044 13065 13042 13044 13044 13065] 
Iteration: 10 
Particle positions: [[-289 -278 -300 -300 -300 -297 -300 -300 -289 -286 -300 -300 -286 -300
  -294 -300 -284 -280 -292 -300]] 
Fitness: [13076 13044 13065 13064 13065 13068 13065 13064 13075 13077 13066 13065
 13077 13065 13072 13064 13078 13044 13073 13065] 
Iteration: 11 
Particle positions: [[-274 -294 -297 -288 -279 -276 -289 -279 -287 -288 -300 -299 -286 -294
  -292 -276 -295 -295 -281 -296]] 
Fitness: [13043 13071 13068 13076 13044 13043 13076 13045 13077 13076 13065 13065
 13077 13071 13073 13044 13071 13071 13044 13071] 
Iteration: 12 
Particle positions: [[-283 -295 -289 -279 -300 -269 -281 -300 -286 -287 -278 -282 -285 -278
  -273 -294 -269 -294 -283 -281]] 
Fitness: [13044 13071 13075 13044 13065 13040 13045 13064 13077 13076 13046 13044
 13078 13044 13043 13072 13041 13071 13044 13045] 
Iteration: 13 
Particle positions: [[-294 -281 -280 -287 -299 -300 -286 -300 -286 -285 -278 -280 -284 -282
  -275 -289 -293 -282 -289 -276]] 
Fitness: [13070 13045 13044 13077 13066 13065 13077 13064 13077 13077 13044 13044
 13077 13044 13044 13075 13072 13044 13076 13044] 
Iteration: 14 
Particle positions: [[-287 -295 -287 -291 -288 -300 -288 -281 -287 -285 -300 -297 -286 -297
  -297 -285 -283 -288 -281 -300]] 
Fitness: [13076 13070 13077 13074 13076 13065 13076 13044 13077 13078 13065 13070
 13077 13068 13068 13077 13044 13077 13045 13065] 
Iteration: 15 
Particle positions: [[-285 -299 -288 -276 -278 -300 -283 -281 -287 -285 -300 -300 -283 -288
  -286 -282 -279 -286 -283 -300]] 
Fitness: [13077 13065 13076 13044 13044 13065 13044 13044 13076 13077 13065 13065
 13044 13076 13078 13044 13044 13077 13044 13064] 
Iteration: 16 
Particle positions: [[-284 -276 -283 -285 -288 -279 -286 -300 -284 -285 -271 -298 -283 -283
  -279 -284 -290 -286 -289 -282]] 
Fitness: [13076 13044 13044 13078 13075 13044 13077 13065 13077 13078 13041 13067
 13043 13044 13044 13077 13074 13079 13075 13045] 
Iteration: 17 
Particle positions: [[-285 -278 -290 -291 -292 -300 -287 -300 -291 -285 -293 -289 -286 -292
  -299 -289 -292 -286 -290 -300]] 
Fitness: [13078 13045 13074 13074 13073 13065 13076 13065 13075 13078 13072 13075
 13077 13073 13065 13074 13074 13077 13074 13064] 
Iteration: 18 
Particle positions: [[-287 -293 -288 -285 -288 -288 -285 -277 -278 -286 -298 -283 -287 -290
  -298 -286 -283 -286 -281 -282]] 
Fitness: [13076 13073 13076 13078 13075 13076 13077 13044 13044 13076 13067 13043
 13076 13076 13067 13076 13044 13076 13044 13044] 
Iteration: 19 
Particle positions: [[-286 -295 -283 -283 -283 -280 -287 -300 -283 -285 -281 -282 -283 -279
  -271 -283 -284 -286 -279 -275]] 
Fitness: [13077 13071 13044 13044 13044 13044 13076 13064 13044 13078 13044 13043
 13044 13044 13041 13044 13078 13076 13045 13043] 
place side object: 2 
Object: 0 
Iteration: 0 
Particle positions: [[ 210  152  205    0  261  109  279  212  145 -278    5 -229  118   77
    85  -38 -253   13  120   97]] 
Fitness: [ 8508  9230  8573 11016  7841  9761  7598  8483  9316 12454 10972 12407
  9650 10167 10067 11342 12437 10900  9625  9913] 
Iteration: 1 
Particle positions: [[-300  132 -300 -300  220 -168 -300  116 -300 -278 -300 -274    9 -300
  -300 -300 -270 -184 -223   48]] 
Fitness: [12443  9477 12444 12444  8377 12188 12444  9674 12445 12454 12444 12452
 10936 12444 12444 12444 12451 12291 12397 10524] 
Iteration: 2 
Particle positions: [[-300 -300 -300 -300 -300 -300 -300 -277 -300 -279 -300 -300 -300 -300
  -300 -300 -296 -300 -300  -37]] 
Fitness: [12443 12443 12443 12443 12443 12443 12443 12452 12444 12453 12442 12444
 12444 12444 12443 12444 12447 12443 12443 11333] 
Iteration: 3 
Particle positions: [[-300 -300 -300 -300 -300 -300 -300 -300 -300 -278 -300 -286 -300 -300
  -300 -300 -247 -300 -300 -111]] 
Fitness: [12444 12443 12443 12443 12444 12444 12444 12443 12443 12453 12443 12452
 12443 12444 12444 12444 12430 12444 12443 11897] 
Iteration: 4 
Particle positions: [[-300 -300 -300 -300 -300 -300 -300 -300 -300 -277 -300 -250 -300 -300
  -300 -300 -273 -300 -300 -300]] 
Fitness: [12443 12444 12443 12444 12443 12443 12444 12443 12444 12453 12443 12434
 12443 12444 12444 12444 12453 12444 12444 12443] 
Iteration: 5 
Particle positions: [[-300 -300 -300 -300 -300 -300 -300 -300 -300 -280 -300 -264 -300 -300
  -300 -300 -300 -300 -300 -300]] 
Fitness: [12444 12443 12444 12443 12443 12444 12443 12444 12443 12453 12443 12448
 12443 12444 12443 12443 12444 12444 12444 12443] 
Iteration: 6 
Particle positions: [[-300 -300 -300 -300 -300 -300 -300 -300 -300 -278 -300 -300 -300 -300
  -300 -300 -259 -300 -300 -300]] 
Fitness: [12444 12444 12444 12443 12444 12443 12444 12443 12443 12454 12443 12443
 12444 12443 12443 12444 12444 12443 12443 12444] 
Iteration: 7 
Particle positions: [[-300 -300 -300 -300 -300 -300 -300 -300 -300 -278 -300 -287 -300 -300
  -300 -300 -272 -300 -300 -300]] 
Fitness: [12444 12443 12443 12444 12444 12443 12443 12444 12443 12453 12444 12452
 12443 12443 12443 12443 12452 12443 12443 12443] 
Iteration: 8 
Particle positions: [[-300 -300 -300 -298 -300 -289 -300 -256 -300 -280 -275 -245 -300 -300
  -300 -300 -291 -300 -300 -300]] 
Fitness: [12444 12442 12444 12445 12443 12450 12444 12440 12443 12454 12452 12428
 12444 12443 12444 12443 12450 12443 12443 12444] 
Iteration: 9 
Particle positions: [[-300 -300 -300 -271 -300 -272 -300 -260 -300 -281 -262 -289 -275 -300
  -300 -300 -266 -266 -300 -300]] 
Fitness: [12443 12443 12444 12452 12444 12452 12443 12444 12443 12453 12446 12452
 12453 12443 12444 12443 12449 12449 12443 12444] 
Iteration: 10 
Particle positions: [[-298 -300 -270 -259 -300 -265 -300 -285 -295 -277 -300 -297 -260 -290
  -300 -259 -275 -257 -286 -290]] 
Fitness: [12446 12444 12451 12443 12444 12448 12443 12452 12448 12454 12444 12446
 12444 12451 12444 12443 12452 12441 12452 12450] 
Iteration: 11 
Particle positions: [[-283 -295 -259 -283 -296 -280 -300 -291 -289 -277 -277 -247 -292 -266
  -285 -300 -283 -279 -273 -280]] 
Fitness: [12454 12448 12442 12453 12447 12454 12444 12450 12452 12452 12452 12430
 12448 12449 12452 12444 12453 12453 12452 12454] 
Iteration: 12 
Particle positions: [[-271 -291 -268 -294 -278 -288 -300 -288 -264 -282 -261 -270 -288 -283
  -275 -300 -278 -292 -291 -272]] 
Fitness: [12451 12450 12450 12449 12452 12452 12444 12451 12448 12454 12445 12450
 12452 12453 12453 12444 12453 12450 12451 12452] 
Iteration: 13 
Particle positions: [[-290 -280 -280 -294 -268 -268 -283 -262 -300 -282 -300 -288 -249 -285
  -275 -288 -268 -258 -293 -294]] 
Fitness: [12450 12453 12454 12449 12450 12450 12453 12445 12444 12453 12443 12453
 12433 12452 12452 12451 12450 12442 12449 12449] 
Iteration: 14 
Particle positions: [[-273 -271 -286 -261 -278 -283 -269 -281 -267 -277 -265 -281 -272 -275
  -278 -276 -276 -287 -272 -273]] 
Fitness: [12451 12452 12452 12444 12453 12453 12451 12453 12449 12454 12448 12452
 12452 12453 12453 12453 12452 12451 12452 12452] 
Iteration: 15 
Particle positions: [[-279 -278 -269 -281 -284 -281 -276 -290 -300 -276 -267 -284 -293 -278
  -280 -274 -277 -274 -269 -275]] 
Fitness: [12453 12453 12450 12453 12452 12453 12452 12451 12443 12452 12450 12452
 12449 12453 12453 12452 12453 12452 12451 12453] 
Iteration: 16 
Particle positions: [[-283 -284 -264 -288 -281 -278 -284 -270 -287 -280 -291 -286 -273 -282
  -277 -278 -274 -281 -300 -279]] 
Fitness: [12453 12452 12447 12452 12453 12453 12454 12451 12451 12453 12450 12453
 12453 12453 12453 12454 12453 12453 12443 12452] 
Iteration: 17 
Particle positions: [[-279 -272 -300 -279 -273 -280 -281 -294 -280 -278 -278 -277 -271 -284
  -273 -280 -275 -278 -285 -281]] 
Fitness: [12452 12452 12444 12453 12452 12454 12452 12448 12453 12453 12453 12453
 12451 12453 12453 12453 12452 12453 12453 12453] 
Iteration: 18 
Particle positions: [[-279 -274 -283 -277 -277 -278 -278 -269 -276 -277 -272 -291 -276 -278
  -273 -277 -274 -278 -272 -278]] 
Fitness: [12452 12452 12452 12453 12452 12453 12453 12450 12454 12453 12453 12451
 12452 12453 12452 12453 12452 12452 12453 12453] 
Iteration: 19 
Particle positions: [[-281 -291 -263 -279 -282 -280 -288 -270 -275 -278 -275 -295 -278 -275
  -279 -277 -275 -280 -274 -280]] 
Fitness: [12453 12451 12447 12454 12453 12453 12451 12451 12453 12453 12452 12448
 12453 12452 12454 12453 12453 12453 12452 12453] 
Type: 1 
Bin: 0 
place side object: 0 
Object: 0 
Iteration: 0 
Particle positions: [[  97  179  258  167   51  282 -139   97  237 -118  254  195 -196 -226
     8  174 -255 -284 -135  -13]] 
Fitness: [12121 12272 12277 12247 12025 12299 11150 12120 12310 11274 12276 12253
 10796 10602 11851 12262 10412 10150 11174 11762] 
Iteration: 1 
Particle positions: [[ 290  240  247  264  272  241  194  242  238   76  240  261  290 -122
   202  290   50  290  185  290]] 
Fitness: [12303 12313 12273 12278 12290 12313 12251 12313 12310 12057 12313 12277
 12303 11251 12261 12303 12020 12304 12283 12303] 
Iteration: 2 
Particle positions: [[290 290 239 290 290 204 290 290 239 290 228 282 290 290 290 290 290 290
  290 290]] 
Fitness: [12303 12303 12348 12303 12304 12262 12303 12303 12348 12303 12298 12299
 12303 12303 12303 12303 12303 12303 12303 12304] 
Iteration: 3 
Particle positions: [[290 273 232 290 290 177 290 214 240 290 226 290 290 290 290 290 290 290
  290 290]] 
Fitness: [12303 12291 12303 12303 12303 12268 12302 12273 12313 12303 12295 12303
 12304 12304 12303 12303 12303 12303 12302 12303] 
Iteration: 4 
Particle positions: [[279 212 230 272 283 282 290 175 239 290 239 273 290 290 290 251 290 290
  290 290]] 
Fitness: [12297 12269 12302 12290 12300 12299 12303 12264 12348 12303 12348 12291
 12303 12304 12303 12276 12303 12303 12303 12303] 
Iteration: 5 
Particle positions: [[260 190 264 265 262 263 290 195 238 290 249 246 290 290 242 215 290 290
  283 290]] 
Fitness: [12277 12246 12279 12280 12277 12277 12304 12253 12311 12303 12275 12272
 12303 12303 12314 12274 12302 12303 12300 12303] 
Iteration: 6 
Particle positions: [[270 290 238 267 265 205 235 290 240 207 235 290 290 290 199 290 277 290
  267 290]] 
Fitness: [12288 12303 12311 12284 12280 12263 12307 12304 12312 12265 12308 12303
 12303 12303 12257 12303 12296 12303 12284 12303] 
Iteration: 7 
Particle positions: [[284 289 220 268 246 205 200 281 241 255 238 290 290 290 248 290 228 245
  211 207]] 
Fitness: [12301 12303 12285 12284 12273 12263 12258 12299 12314 12276 12310 12303
 12303 12304 12274 12303 12297 12272 12269 12266] 
Iteration: 8 
Particle positions: [[225 206 227 239 264 262 217 167 238 290 243 238 210 290 263 290 256 216
  197 252]] 
Fitness: [12293 12265 12297 12348 12278 12277 12279 12246 12311 12303 12315 12311
 12267 12303 12277 12303 12277 12277 12255 12276] 
Iteration: 9 
Particle positions: [[290 213 251 218 288 250 251 213 237 247 239 203 169 279 247 258 287 290
  258 288]] 
Fitness: [12303 12271 12275 12281 12303 12275 12275 12271 12309 12273 12312 12262
 12250 12297 12274 12278 12302 12303 12277 12302] 
Iteration: 10 
Particle positions: [[290 290 249 249 243 231 228 277 241 258 236 207 290 289 224 266 286 278
  290 290]] 
Fitness: [12303 12303 12274 12274 12316 12302 12298 12295 12313 12277 12308 12266
 12304 12303 12292 12282 12302 12296 12303 12303] 
Iteration: 11 
Particle positions: [[290 239 230 245 208 240 236 251 239 290 239 258 290 244 233 251 266 222
  282 219]] 
Fitness: [12303 12348 12301 12273 12267 12312 12308 12276 12348 12304 12312 12277
 12303 12271 12305 12276 12282 12288 12300 12283] 
Iteration: 12 
Particle positions: [[268 207 238 222 226 245 244 224 237 290 240 265 290 284 249 244 244 255
  220 290]] 
Fitness: [12284 12265 12310 12288 12295 12271 12272 12292 12309 12303 12312 12281
 12303 12301 12274 12271 12271 12277 12285 12303] 
Iteration: 13 
Particle positions: [[202 286 244 249 290 236 239 215 243 191 239 215 264 250 237 290 290 285
  244 279]] 
Fitness: [12260 12302 12271 12274 12303 12308 12349 12275 12315 12247 12348 12275
 12279 12275 12309 12303 12304 12302 12271 12297] 
Iteration: 14 
Particle positions: [[199 290 237 238 229 239 236 263 246 219 238 227 274 235 233 256 228 244
  290 283]] 
Fitness: [12258 12304 12309 12310 12299 12349 12309 12277 12273 12283 12310 12297
 12292 12307 12305 12277 12298 12271 12303 12299] 
Iteration: 15 
Particle positions: [[290 227 237 233 230 241 239 240 238 290 238 257 290 234 247 260 196 265
  290 214]] 
Fitness: [12303 12297 12309 12305 12301 12313 12349 12312 12311 12303 12310 12277
 12303 12306 12274 12277 12254 12281 12302 12273] 
Iteration: 16 
Particle positions: [[290 226 243 248 256 237 241 231 237 250 239 219 278 236 235 259 274 290
  271 290]] 
Fitness: [12303 12295 12315 12274 12277 12310 12313 12302 12309 12275 12349 12283
 12296 12308 12307 12277 12292 12303 12289 12303] 
Iteration: 17 
Particle positions: [[254 249 240 230 235 239 238 242 240 252 239 263 207 241 237 233 290 290
  243 290]] 
Fitness: [12276 12274 12312 12301 12306 12348 12311 12314 12312 12276 12348 12278
 12265 12313 12309 12304 12304 12303 12315 12304] 
Iteration: 18 
Particle positions: [[273 242 238 240 240 240 237 247 240 290 239 245 272 242 239 223 284 277
  226 275]] 
Fitness: [12292 12315 12310 12313 12312 12313 12309 12273 12313 12303 12348 12271
 12289 12314 12347 12290 12301 12295 12295 12293] 
Iteration: 19 
Particle positions: [[239 234 239 241 240 239 238 231 236 244 239 225 272 237 240 231 199 259
  253 263]] 
Fitness: [12348 12307 12348 12313 12312 12347 12310 12302 12308 12272 12347 12293
 12290 12310 12312 12302 12258 12277 12276 12276] 
Object: 1 
Iteration: 0 
Particle positions: [[   2   25   30 -222  -73 -135  245 -111 -278   78  -53  200   60 -235
   210  -13  -53  139 -196  208]] 
Fitness: [12159 12195 12211 10720 11802 11421 12330 11579 10207 12337 11909 12355
 12290 10590 12347 12099 11909 12377 10952 12348] 
Iteration: 1 
Particle positions: [[ 173  149   45  148  -24 -132  182  137 -118  124  145  104  117  191
   206   29   79  139  290  102]] 
Fitness: [12404 12388 12253 12387 12051 11442 12406 12377 11535 12369 12384 12387
 12361 12360 12351 12208 12340 12378 12217 12385] 
Iteration: 2 
Particle positions: [[290 273  72 290 290 207 126 290 290 223 290 139 193 290 162 172 252 216
  290 112]] 
Fitness: [12217 12238 12322 12217 12217 12349 12371 12217 12217     0 12217 12378
 12359 12217 12400 12404 12276 12346 12216 12356] 
Iteration: 3 
Particle positions: [[ 34 254 166 147 290 290 149 206 290 173  25 215 106 290 159 290 152 203
  290 163]] 
Fitness: [12223 12272 12401 12386 12217 12216 12388 12350 12216 12405 12196 12346
 12390 12216 12397 12217 12392 12353 12217 12400] 
Iteration: 4 
Particle positions: [[ 32 180 261  30 290 290 205 -11 268 138  59 151 178 269 203  75  75 149
  290 234]] 
Fitness: [12217 12405 12260 12212 12217 12217 12351 12108 12246 12378 12286 12391
 12406 12245 12353 12329 12330 12389 12217 12339] 
Iteration: 5 
Particle positions: [[271 124  50 290 211 130 217 290 245 224 290 153 241  68 157  96  75 116
  290 175]] 
Fitness: [12240 12369 12264 12217 12346 12374 12346 12217 12329 12344 12216 12392
 12333 12312 12396 12374 12329 12361 12217 12404] 
Iteration: 6 
Particle positions: [[289 184 233 290 111  94 127 259 111 223 290 168 267 143 130 250 211 210
  260 143]] 
Fitness: [12219 12363 12339 12217 12355 12370 12371 12265 12355     0 12217 12402
 12249 12381 12373 12279 12346 12346 12262 12381] 
Iteration: 7 
Particle positions: [[121 225 277  44 100 162 267 -42 129  86  58 192 118 200 232 159 176 165
  123 190]] 
Fitness: [12366 12344 12233 12251 12382 12399 12249 11965 12373 12355 12283 12360
 12363 12355 12341 12397 12405 12402 12368 12360] 
Iteration: 8 
Particle positions: [[ 63 153 272  73 235 238 153 180 232 126 109 168 214 163 167 140 156 157
   55 195]] 
Fitness: [12298 12392 12238 12325 12338 12336 12392 12405 12340 12371 12352 12403
 12346 12401 12403 12378 12394 12396 12276 12359] 
Iteration: 9 
Particle positions: [[290 203  57 247 185 181  91 290 206 236 212 152 194 153 142 158 185 204
  246 177]] 
Fitness: [12217 12353 12281 12326 12363 12405 12365 12217 12350 12338 12346 12391
 12359 12392 12379 12396 12362 12352 12328 12406] 
Iteration: 10 
Particle positions: [[290 159 190 251  90 143 290 183 172 198 226 176 154 195 139 193 202 184
  286 168]] 
Fitness: [12216 12397 12361 12277 12363 12381 12217 12405 12404 12357 12344 12405
 12393 12359 12378 12360 12354 12362 12222 12403] 
Iteration: 11 
Particle positions: [[136 181 227  74  70 201 290 110 166 128  63 192 198 196 258 190 151 134
  147 195]] 
Fitness: [12377 12405 12343 12327 12318 12354 12217 12353 12402 12372 12298 12360
 12357 12358 12266 12361 12390 12375 12386 12358] 
Iteration: 12 
Particle positions: [[124 194 152 228 154 206 174 281 185 215 197 177 182 146  78 161 172 194
  108 160]] 
Fitness: [12369 12359 12391 12343 12393 12350 12405 12230 12363 12345 12357 12405
 12406 12385 12337 12399 12405 12360 12393 12398] 
Iteration: 13 
Particle positions: [[157 172 139 179 232 167 113 145 168 195 240 175 169 139 143 206 191 199
   90 178]] 
Fitness: [12396 12405 12378 12405 12340 12403 12357 12383 12403 12359 12333 12404
 12404 12378 12381 12350 12361 12356 12363 12405] 
Iteration: 14 
Particle positions: [[218 177 195 152 192 174 205 127 185 171 162 178 194 242 261 141 182 141
  205 189]] 
Fitness: [12346 12405 12358 12391 12360 12405 12351 12372 12362 12404 12399 12405
 12358 12333 12261 12379 12405 12379 12351 12361] 
Iteration: 15 
Particle positions: [[155 191 189 216  95 192 210 288 186 173 151 186 170 181 156 213 176 206
   58 189]] 
Fitness: [12394 12361 12361 12345 12372 12360 12346 12219 12362 12404 12390 12362
 12403 12405 12394 12345 12405 12351 12283 12361] 
Iteration: 16 
Particle positions: [[199 190 170 179 168 171 182 290 162 187 200 183 159 150 139 197 175 221
   68 175]] 
Fitness: [12356 12360 12404 12406 12403 12404 12405 12217 12399 12362 12356 12405
 12397 12389 12378 12357 12404 12345 12312 12406] 
Iteration: 17 
Particle positions: [[174 154 163 166 214 167 168  75 182 173 125 173 217 152 196 134 180  88
  290 178]] 
Fitness: [12405 12393 12400 12402 12347 12402 12403 12330 12405 12404 12370 12404
 12346 12391 12358 12375 12406 12360 12217 12405] 
Iteration: 18 
Particle positions: [[169 173 199 187 148 185 176 132 191 171 170 189 110 210 199 196 185 210
  133 181]] 
Fitness: [12403 12405 12356 12362 12387 12362 12405 12375 12361 12403 12403 12361
 12353 12346 12356 12358 12362 12346 12375 12405] 
Iteration: 19 
Particle positions: [[185 195 173 185 157 184 199 205 183 193 204 182 148 169 164 198 181 172
   88 182]] 
Fitness: [12363 12359 12404 12363 12396 12363 12356 12351 12405 12359 12353 12406
 12387 12403 12401 12357 12406 12405 12358 12405] 
Object: 2 
Iteration: 0 
Particle positions: [[ 125   89  -80  261  -71 -202 -238  213 -149  207  -84 -291  -20    2
  -142  229 -230  201  262   64]] 
Fitness: [12684 12637 11906 12438 11975 10643 10086 12596 11310 12605 11875  9018
 12293 12405 11386 12567 10233 12596 12436 12588] 
Iteration: 1 
Particle positions: [[126  90  21  68 -21 290  97 108 290 128   6 124 268 183 -44  65 290 115
  248 165]] 
Fitness: [12684 12638 12489 12597 12287 12358 12647 12664 12358 12686 12424 12682
 12422 12627 12157 12590 12358 12673 12477 12646] 
Iteration: 2 
Particle positions: [[128 131 266 -37 177 290 290  34 290  59 246 290 290 267 261  17 290  59
  196 182]] 
Fitness: [12686 12688 12427 12198 12635 12358 12357 12538 12358 12577 12482 12357
 12358 12425 12439 12473 12357 12576 12617 12629] 
Iteration: 3 
Particle positions: [[130 166 255 167 268 290 236  46 290 259 290 290 209 163 290  77 259 196
   80 144]] 
Fitness: [12687 12646 12454 12645 12422 12357 12509 12579 12357 12443 12358 12357
 12602 12648 12358 12617 12443 12617 12621 12693] 
Iteration: 4 
Particle positions: [[147 121 121 290 160 278  35 207 220 290 290  93 113  68 253 218 156 204
   21 113]] 
Fitness: [12693 12679 12680 12358 12649 12395 12542 12852 12585 12357 12357 12641
 12672 12597 12462 12588 12652 13034 12489 12671] 
Iteration: 5 
Particle positions: [[257  96 109 175 113 140 207 290 139 142 223 123 181 146 132 289 159 210
  257 131]] 
Fitness: [12448 12645 12666 12638 12671 12693 12852 12358 12692 12693 12580 12682
 12630 12694 12689 12361 12650 12601 12449 12688] 
Iteration: 6 
Particle positions: [[111 280 252  99  81  49 290 181 123 137 148 286 160 242 101 -42 170 202
  290 281]] 
Fitness: [12668 12389 12465 12649 12624 12589 12358 12630 12682 12691 12692 12370
 12650 12493 12653 12169 12642 13186 12356 12387] 
Iteration: 7 
Particle positions: [[ 161  290   68   66  232  222  290  157  279  146  174   84   65  247
   272 -173  171  196  -83  257]] 
Fitness: [12649 12358 12598 12594 12519 12581 12358 12652 12392 12693 12638 12629
 12591 12480 12412 11015 12642 12617 11884 12448] 
Iteration: 8 
Particle positions: [[ 189  -61  136  290  171  196  141  246  158  187  173   13  232   83
   166  290  174  212 -247   61]] 
Fitness: [12624 12045 12691 12358 12641 12618 12692 12482 12651 12624 12640 12454
 12519 12627 12646 12357 12638 12599  9918 12581] 
Iteration: 9 
Particle positions: [[199 -15 213 170 117  96 117 195 127 211 163 290 185 211  56 290 202 198
  290  79]] 
Fitness: [12615 12318 12597 12643 12676 12646 12675 12618 12685 12599 12649 12358
 12624 12600 12569 12357 12612 12616 12357 12621] 
Iteration: 10 
Particle positions: [[157 290 151  42 142 179 274 173 227 212 131 290  95 248 290 227 211 198
  290 290]] 
Fitness: [12651 12358 12653 12566 12692 12633 12407 12639 12572 12598 12688 12358
 12644 12476 12357 12571 12600 12616 12357 12358] 
Iteration: 11 
Particle positions: [[206 274 164  20 170 227 290 210 166 167 131 214  48 193 194  48 135 204
   16 202]] 
Fitness: [12623 12407 12648 12487 12642 12572 12358 12601 12645 12645 12689 12595
 12585 12619 12620 12585 12690 13038 12467 13190] 
Iteration: 12 
Particle positions: [[211 -63 195 187 193 121 154 214 155  98 184  28 288 112  80 202 102 205
  185 147]] 
Fitness: [12599 12032 12618 12624 12619 12680 12652 12595 12652 12648 12625 12516
 12364 12670 12622 13190 12654 12754 12624 12693] 
Iteration: 13 
Particle positions: [[164 -15 183 134 121 173 143 199 237 232 211 290   6 113 100 290 240 201
  290 220]] 
Fitness: [12647 12318 12627 12690 12681 12639 12692 12615 12507 12518 12600 12358
 12423 12672 12650 12357 12499 12598 12358 12585] 
Iteration: 14 
Particle positions: [[129 290 175 111  99 208 277 199 249 199 198 260 290 290 290 147 162 199
  113 224]] 
Fitness: [12687 12357 12638 12668 12649 12604 12398 12615 12473 12615 12615 12441
 12358 12357 12358 12693 12648 12615 12671 12577] 
Iteration: 15 
Particle positions: [[217 238 148 181 262 121 272 204  48 164 155 155   1  25  80 239 126 200
  172 192]] 
Fitness: [12590 12505 12693 12629 12437 12680 12411 13037 12586 12647 12651 12652
 12400 12505 12622 12502 12685 13702 12641 12621] 
Iteration: 16 
Particle positions: [[228 103 235 191 231 174 158 202 149 167 179  86  59 210 137 190 188 200
  182 192]] 
Fitness: [12569 12656 12512 12621 12521 12639 12651 13189 12693 12645 12633 12633
 12576 12602 12690 12622 12623 13702 12629 12621] 
Iteration: 17 
Particle positions: [[188 192 154 102  -6 229 256 198 229 155 162 269 228 265 195 176 203 200
   71 194]] 
Fitness: [12622 12621 12653 12654 12366 12567 12452 12615 12567 12652 12649 12420
 12569 12430 12618 12637 13257 12615 12605 12619] 
Iteration: 18 
Particle positions: [[139 221 168 168 290 140 195 202 136 146 198  18  64  29 134 197 205 200
  239 201]] 
Fitness: [12692 12583 12644 12644 12358 12692 12619 13189 12692 12693 12616 12476
 12588 12521 12690 12617 12754 13703 12501 12597] 
Iteration: 19 
Particle positions: [[223 121 179 149 290 192 192 202 147 187 146 260 284 199 217 214 199 200
  286 204]] 
Fitness: [12580 12680 12633 12693 12357 12621 12620 13189 12694 12624 12693 12442
 12377 12615 12590 12595 12615 13703 12371 13036] 
place side object: 1 
Object: 0 
Iteration: 0 
Particle positions: [[-166   32  209  235   52  240   33  183 -209  218 -171  110  -31  225
    21   92  258  220  -42 -203]] 
Fitness: [10100 11287 12119 12155 11402 12175 11293 11978  9854 12131 10071 11671
 10920 12161 11226 11627 12237 12139 10852  9885] 
Iteration: 1 
Particle positions: [[290 290 289 237 290 256 290 290 274 290 290 290 240 232 290 222 258 282
  290 290]] 
Fitness: [12318 12317 12314 12164 12317 12229 12318 12318 12305 12318 12318 12318
 12175 12189 12318 12148 12237 12334 12318 12318] 
Iteration: 2 
Particle positions: [[290 290 290 239 290 290 290 290 290 290 290 290 290 283 290 290 283 290
  290 290]] 
Fitness: [12317 12318 12318 12171 12317 12318 12318 12318 12317 12317 12318 12318
 12317 12339 12318 12317 12338 12318 12318 12318] 
Iteration: 3 
Particle positions: [[290 290 290 287 290 290 290 290 290 290 290 290 290 290 290 290 290 290
  290 290]] 
Fitness: [12317 12318 12318 12308 12318 12317 12317 12318 12318 12317 12318 12317
 12317 12317 12318 12317 12318 12317 12317 12318] 
Iteration: 4 
Particle positions: [[290 290 290 290 290 290 290 290 290 290 290 290 290 290 290 290 290 290
  290 290]] 
Fitness: [12318 12318 12317 12317 12318 12318 12318 12317 12318 12318 12318 12318
 12317 12317 12318 12318 12317 12317 12317 12318] 
Iteration: 5 
Particle positions: [[290 290 290 290 290 288 290 290 290 290 290 290 290 288 290 290 282 280
  290 290]] 
Fitness: [12318 12317 12317 12318 12318 12311 12317 12317 12317 12318 12318 12318
 12317 12311 12318 12318 12335 12327 12317 12318] 
Iteration: 6 
Particle positions: [[290 290 288 290 290 280 290 290 290 290 290 290 290 281 290 290 279 281
  290 290]] 
Fitness: [12318 12317 12311 12317 12317 12328 12318 12318 12318 12318 12317 12317
 12317 12331 12317 12318 12323 12331 12318 12317] 
Iteration: 7 
Particle positions: [[290 290 288 288 290 277 290 290 290 290 290 290 290 280 290 290 283 282
  290 290]] 
Fitness: [12318 12318 12311 12311 12318 12317 12318 12318 12317 12318 12318 12318
 12318 12327 12318 12318 12339 12335 12318 12317] 
Iteration: 8 
Particle positions: [[290 290 281 278 290 286 290 290 290 290 290 290 290 283 290 290 286 284
  290 290]] 
Fitness: [12318 12317 12331 12320 12318 12349 12317 12318 12317 12317 12317 12318
 12318 12338 12317 12317 12349 12341 12317 12317] 
Iteration: 9 
Particle positions: [[290 290 285 273 290 290 290 290 290 290 290 290 290 290 290 290 288 287
  290 290]] 
Fitness: [12317 12318 12345 12302 12317 12318 12318 12318 12317 12317 12318 12317
 12318 12317 12318 12317 12312 12308 12317 12318] 
Iteration: 10 
Particle positions: [[290 290 288 287 290 286 290 287 290 289 290 290 290 290 290 287 285 284
  290 290]] 
Fitness: [12317 12318 12311 12308 12318 12348 12318 12308 12317 12315 12317 12317
 12318 12317 12318 12308 12345 12341 12318 12318] 
Iteration: 11 
Particle positions: [[290 290 288 290 290 283 290 286 290 286 290 290 290 276 290 289 284 282
  290 290]] 
Fitness: [12318 12317 12311 12318 12318 12339 12318 12349 12318 12349 12317 12317
 12318 12313 12318 12314 12342 12335 12318 12318] 
Iteration: 12 
Particle positions: [[290 286 281 287 290 290 289 285 290 284 290 290 289 287 287 287 288 288
  290 290]] 
Fitness: [12318 12348 12331 12307 12318 12318 12314 12345 12318 12342 12317 12318
 12315 12307 12308 12308 12311 12312 12318 12317] 
Iteration: 13 
Particle positions: [[290 284 288 272 290 290 288 287 289 287 286 286 284 287 288 288 287 287
  287 290]] 
Fitness: [12318 12342 12311 12297 12318 12318 12311 12308 12315 12308 12349 12349
 12342 12308 12311 12311 12308 12308 12308 12317] 
Iteration: 14 
Particle positions: [[290 286 288 275 286 277 288 286 289 286 283 284 282 280 290 288 283 284
  287 285]] 
Fitness: [12318 12349 12311 12309 12348 12316 12311 12349 12315 12349 12338 12342
 12335 12328 12319 12311 12339 12342 12308 12346] 
Iteration: 15 
Particle positions: [[286 287 284 285 284 289 287 285 285 285 285 285 286 283 285 289 283 283
  290 284]] 
Fitness: [12349 12308 12342 12345 12342 12315 12308 12346 12345 12345 12345 12346
 12349 12338 12345 12315 12338 12339 12318 12341] 
Iteration: 16 
Particle positions: [[284 285 286 290 286 289 288 286 283 288 287 288 288 289 284 287 290 283
  285 287]] 
Fitness: [12342 12346 12349 12318 12348 12314 12311 12349 12339 12311 12307 12311
 12311 12315 12342 12308 12317 12339 12345 12308] 
Iteration: 17 
Particle positions: [[288 285 287 282 287 282 289 286 285 285 285 286 281 281 287 285 286 287
  283 285]] 
Fitness: [12311 12346 12308 12335 12308 12335 12314 12349 12346 12346 12346 12349
 12332 12331 12308 12346 12348 12308 12339 12345] 
Iteration: 18 
Particle positions: [[288 287 286 289 284 290 285 286 287 286 285 285 290 281 284 284 284 285
  285 286]] 
Fitness: [12311 12308 12348 12314 12342 12318 12346 12349 12308 12350 12346 12346
 12318 12331 12342 12342 12341 12345 12345 12348] 
Iteration: 19 
Particle positions: [[283 284 285 289 284 289 284 286 285 286 287 287 289 290 287 287 285 285
  287 286]] 
Fitness: [12338 12342 12346 12314 12342 12314 12342 12349 12345 12349 12308 12308
 12315 12318 12308 12308 12345 12346 12307 12348] 
Object: 1 
Iteration: 0 
Particle positions: [[-168   31 -187  196   76   47  145 -137    0  -93   -4 -285 -261   78
   -35   25  229  -30   25  246]] 
Fitness: [10347 11604 10172 12144 11773 11685 12044 10564 11435 10859 11412  9297
  9572 11781 11228 11572 12231 11258 11573 12219] 
Iteration: 1 
Particle positions: [[ 290  141  290  240  290  169  232 -117  103  290  290  290    2  257
   237  180  229  181   94  234]] 
Fitness: [12287 12029 12288 12252 12288 12076 12237 10700 11883 12287 12287 12287
 11446 12290 12247 12107 12230 12110 11848 12241] 
Iteration: 2 
Particle positions: [[290 290 290 290 290 285 290 290 290 290 290 290 246 290 290 290 240 290
  290 252]] 
Fitness: [12288 12288 12287 12288 12288 12280 12288 12287 12287 12287 12287 12288
 12219 12288 12287 12288 12253 12287 12287 12227] 
Iteration: 3 
Particle positions: [[290 290 290 290 290 290 290 290 290 290 290 290 290 290 290 290 282 290
  290 262]] 
Fitness: [12288 12288 12287 12288 12288 12288 12287 12288 12288 12287 12288 12287
 12288 12288 12287 12287 12276 12288 12287 12240] 
Iteration: 4 
Particle positions: [[290 290 290 290 290 290 240 290 290 290 290 290 290 290 290 290 283 290
  290 252]] 
Fitness: [12287 12288 12288 12288 12288 12287 12252 12287 12287 12287 12288 12288
 12287 12286 12287 12287 12277 12288 12288 12228] 
Iteration: 5 
Particle positions: [[290 290 290 252 290 258 290 290 290 290 290 290 290 280 290 290 268 290
  290 239]] 
Fitness: [12288 12288 12288 12228 12288 12235 12288 12287 12288 12287 12288 12287
 12287 12272 12287 12287 12248 12287 12287 12251] 
Iteration: 6 
Particle positions: [[290 290 290 240 290 264 290 290 290 290 276 290 274 235 290 290 266 276
  290 242]] 
Fitness: [12288 12287 12287 12253 12288 12242 12288 12287 12288 12287 12264 12288
 12261 12243 12288 12288 12244 12264 12288 12212] 
Iteration: 7 
Particle positions: [[290 247 290 290 261 290 290 290 290 290 261 290 263 271 290 274 258 250
  287 268]] 
Fitness: [12288 12220 12287 12287 12240 12287 12287 12288 12288 12288 12239 12288
 12241 12255 12287 12262 12236 12225 12283 12248] 
Iteration: 8 
Particle positions: [[290 267 279 288 257 290 290 290 288 242 273 260 290 250 263 279 252 280
  255 241]] 
Fitness: [12287 12246 12270 12285 12291 12287 12287 12287 12285 12212 12259 12239
 12288 12225 12241 12270 12228 12272 12232 12210] 
Iteration: 9 
Particle positions: [[247 290 271 230 254 256 236 270 248 275 286 263 283 245 243 290 290 290
  274 237]] 
Fitness: [12220 12287 12255 12232 12231 12233 12244 12252 12223 12262 12282 12241
 12277 12217 12214 12287 12287 12287 12260 12248] 
Iteration: 10 
Particle positions: [[247 247 288 250 261 290 290 267 255 290 258 276 260 274 254 257 279 284
  266 278]] 
Fitness: [12220 12220 12285 12225 12239 12288 12288 12246 12232 12287 12236 12265
 12238 12261 12231 12292 12270 12278 12244 12268] 
Iteration: 11 
Particle positions: [[290 290 246 290 260 290 290 259 290 237 262 290 254 249 290 235 270 257
  285 273]] 
Fitness: [12288 12287 12219 12288 12238 12288 12287 12237 12288 12247 12241 12288
 12230 12224 12288 12243 12253 12292 12279 12258] 
Iteration: 12 
Particle positions: [[275 264 238 290 255 283 238 290 290 241 290 278 276 246 279 272 277 240
  290 267]] 
Fitness: [12262 12243 12248 12287 12232 12276 12249 12288 12287 12209 12288 12268
 12265 12219 12270 12257 12266 12252 12288 12246] 
Iteration: 13 
Particle positions: [[277 290 285 281 256 251 242 261 241 290 270 275 290 249 265 241 273 252
  287 275]] 
Fitness: [12266 12287 12280 12273 12234 12226 12212 12239 12211 12287 12253 12263
 12287 12224 12243 12210 12259 12228 12284 12263] 
Iteration: 14 
Particle positions: [[261 243 260 271 258 260 284 288 282 290 278 290 264 264 263 240 289 267
  236 264]] 
Fitness: [12240 12214 12238 12255 12236 12238 12279 12285 12276 12287 12268 12287
 12243 12242 12242 12253 12286 12246 12245 12242] 
Iteration: 15 
Particle positions: [[276 272 248 290 256 273 290 264 284 250 290 252 265 264 290 261 251 245
  290 268]] 
Fitness: [12264 12257 12222 12288 12233 12259 12287 12241 12279 12225 12287 12228
 12243 12243 12287 12240 12227 12217 12288 12248] 
Iteration: 16 
Particle positions: [[258 290 269 260 258 281 243 259 256 290 239 290 258 252 290 261 240 263
  290 260]] 
Fitness: [12235 12287 12250 12238 12235 12274 12213 12237 12234 12287 12250 12287
 12235 12228 12287 12239 12253 12242 12288 12238] 
Iteration: 17 
Particle positions: [[255 243 272 290 257 288 290 276 246 290 290 290 260 254 241 254 273 262
  285 288]] 
Fitness: [12232 12214 12256 12288 12295 12285 12288 12264 12219 12288 12287 12287
 12238 12231 12210 12231 12258 12240 12280 12284] 
Iteration: 18 
Particle positions: [[290 262 272 277 256 239 289 286 290 226 290 282 287 266 290 257 290 244
  236 241]] 
Fitness: [12287 12240 12257 12266 12233 12251 12286 12282 12288 12223 12287 12276
 12283 12244 12287 12296 12287 12216 12245 12211] 
Iteration: 19 
Particle positions: [[266 290 273 265 259 290 255 268 274 290 290 290 290 261 278 258 279 258
  250 290]] 
Fitness: [12244 12287 12259 12243 12237 12288 12232 12248 12261 12287 12288 12287
 12288 12240 12268 12236 12270 12236 12225 12288] 
place side object: 2 
Object: 0 
Iteration: 0 
Particle positions: [[ 128 -227  -44 -259  264  -48  -24    3   20 -198  283 -186  103  146
  -150 -106  -38  250   93  -15]] 
Fitness: [11093  9045 10004  8853 11959  9981 10123 10294 10405  9152 12030  9241
 10976 11215 14465  9600 10039 11864 10907 10179] 
Iteration: 1 
Particle positions: [[ 100 -156  -61 -248 -108 -214  -66 -217 -191 -177 -108 -116 -300 -300
  -150 -140  -61 -210   79  -87]] 
Fitness: [10955  9348  9908  8912  9591  9051  9881  9032  9205  9229  9590  9550
  8851  8851 14465  9431  9908  9076 10808  9768] 
Iteration: 2 
Particle positions: [[  -2  -91 -100 -237 -300 -120 -141  125 -255 -127  149  -60 -300   17
  -152 -141 -129  277 -124 -179]] 
Fitness: [10262  9747  9701  8979  8851  9530  9426 11072  8876  9495 11235  9914
  8851 10385  9369  9426  9485 11994  9510  9215] 
Iteration: 3 
Particle positions: [[ -45 -117 -115  -72  290  -84 -148   22 -138 -115  290 -174 -300  233
  -151 -100 -177 -162  118 -107]] 
Fitness: [ 9998  9545  9555  9847 12070  9785  9390 10418  9441  9556 12071  9248
  8852     0  9373  9701  9228  9317 11080  9596] 
Iteration: 4 
Particle positions: [[ 123 -125 -106   59  211 -135   -8 -236  142 -143  290 -131 -293   51
  -150  -78 -138 -300 -140  -64]] 
Fitness: [11114  9505  9600 10668 11610  9457 10224  8986 11188  9417 12070  9476
  8735 10613 14466  9816  9441  8852  9430  9891] 
Iteration: 5 
Particle positions: [[-231 -144  -42 -158  120  -94  -43 -299   66 -122 -300 -128  290  -92
  -149  -71   34  290 -300  -12]] 
Fitness: [ 9019  9411 10015  9337 11093  9731 10010  8707 10717  9520  8851  9491
 12070  9742  9385  9853 10497 12070  8851 10199] 
Iteration: 6 
Particle positions: [[ 281  -75  -50   98 -300  -50 -238  290 -156 -139    0 -139   28   -7
  -150 -145 -192  221  124 -245]] 
Fitness: [12018  9831  9970 10940  8851  9970  8973 12071  9348  9436 10179  9436
 10458 10231 14466  9406  9198 11674 11065  8928] 
Iteration: 7 
Particle positions: [[ 290 -124 -168   52 -250  -59   38   34  213 -130  290  -29  -54 -119
  -150  -86  -95  205   24 -242]] 
Fitness: [12070  9510  9287 10620  8900  9919 10524 10496 11623  9481 12071 10093
  9947  9535 14466  9773  9726 11620 10431  8946] 
Iteration: 8 
Particle positions: [[ 290 -141   16 -300  290 -240  177 -243  273 -105  171  -79  290 -161
  -150  -52    7  -28   17 -185]] 
Fitness: [12070  9426 10379  8851 12070  8959 11424  8939 11969  9606 11381  9810
 12070  9322 14466  9958 10320 10099 10385  9248] 
Iteration: 9 
Particle positions: [[ -45  -44 -129 -300  290 -195 -142  290   49 -118   -2 -236  -56  290
  -150 -127  -41  142 -175  123]] 
Fitness: [ 9998 10004  9485  8851 12070  9175  9421 12070 10599  9541 10262  8986
  9936 12070 14466  9496 10021 11188  9241 11114] 
Iteration: 10 
Particle positions: [[ -68   -2 -147  290  290  156 -185  290  -89 -175 -300 -167 -300 -191
  -150 -134 -151  173 -119  184]] 
Fitness: [ 9869 10262  9395 12070 12070 11281  9248 12070  9758  9242  8851  9292
  8850  9205 14466  9462  9375 11396  9535 11474] 
Iteration: 11 
Particle positions: [[ 290  -65   23  290 -173  135  241 -300   88  -70  290  142 -300 -213
  -150 -147  -11    1  152  152]] 
Fitness: [12070  9885 10424 12070  9255 11140 11801  8851 10871  9858 12070 11188
  8852  9057 14466  9395 10205 10282 11255 11255] 
Iteration: 12 
Particle positions: [[ 290 -115  -71  290  -70  -83  290 -160  290 -119  290   32  -60   21
  -150  -87  -43  180   88 -133]] 
Fitness: [12071  9556  9853 12070  9859  9789 12071  9326 12070  9536 12070 10483
  9913 10412 14466  9768 10011 11446 10871  9465] 
Iteration: 13 
Particle positions: [[-218 -123  -75 -134  290 -209 -300  290 -172 -157 -211 -102  290  290
  -150 -113  -86  238  149 -166]] 
Fitness: [ 9028  9515  9832  9461 12070  9081  8852 12071  9262  9342  9069  9691
 12070 12070 14466  9565  9773 11779 11235  9296] 
Iteration: 14 
Particle positions: [[ 223 -160 -143 -110  290 -160 -264  113  -44 -160  154 -218  290  290
  -150 -101   44 -293 -226  -47]] 
Fitness: [11687  9327  9416  9580 12070  9328  8826 11045 10004  9327 11269  9027
 12070 12070 14466  9696 10564  8736  9051  9987] 
Iteration: 15 
Particle positions: [[ -67  -75   37 -120  175  262  194  -90  290  -89  290  -35  160  197
  -150  -33   87 -300  290   70]] 
Fitness: [ 9875  9831 10517  9531 11410 11946 11546  9752 12070  9758 12071 10057
 11307 11566 14465 10068 10863  8851 12070 10744] 
Iteration: 16 
Particle positions: [[ 290   52 -194   33   80 -119  290  290  290  -65 -225   23  208 -300
  -150 -224 -121  255   65  -36]] 
Fitness: [12070 10620  9183 10491 10815  9535 12070 12070 12071  9887  9058 10425
 11640  8851 14465  9064  9525 11899 10710 10050] 
Iteration: 17 
Particle positions: [[ 290  110  195  289  -42  290 -300  106 -234  -67 -300  -31  290  -45
  -150   -1  -80  -38   18 -273]] 
Fitness: [12070 11024 11552 12065 10015 12071  8851 10996  8999  9875  8850 10080
 12070  9999 14466 10269  9805 10039 10391  8852] 
Iteration: 18 
Particle positions: [[-169 -231  -92 -300  290  290  290   -1   80 -135 -210  -80  232  290
  -150    3  221  139 -170 -223]] 
Fitness: [ 9280  9018  9742  8851 12071 12070 12070 10269 10815  9456  9076  9805
 11743 12070 14466 10294 11675 11168  9273  9071] 
Iteration: 19 
Particle positions: [[-300   82   22    6 -300 -300   68 -172  290 -154  290 -103 -140  209
  -150   -6 -155  285  290  164]] 
Fitness: [ 8852 10828 10418 10315  8851  8851 10731  9262 12070  9359 12070  9616
  9431 11647 14466 10236  9353 12042 12069 11333] 
