Type: 0 
Bin: 0 
place side object: 0 
Object: 0 
Iteration: 0 
Particle positions: [[ 134  241 -163 -243  -30  -52  128  189 -192   69  285   33  218  173
  -116]] 
Fitness: [ 7982  6253 12095 12716 10512 10821  8084  7058 12338  8987  5651  9561
  6599  7322 11650] 
Iteration: 1 
Particle positions: [[  69  111 -211 -243 -141 -300 -300 -299 -200 -135   30 -300 -300  147
  -238]] 
Fitness: [ 8988  8365 12519 12715 11900 12969 12968 12966 12440 11846  9606 12970
 12970  7763 12687] 
Iteration: 2 
Particle positions: [[-163  -94 -286 -300 -300 -300 -300 -300 -300 -300 -300 -300 -300 -300
  -300]] 
Fitness: [12094 11377 12918 12970 12970 12969 12970 12969 12969 12969 12970 12969
 12969 12968 12969] 
Iteration: 3 
Particle positions: [[-300 -300 -300 -300 -300 -300 -300 -300 -300 -300 -300 -300 -300 -300
  -300]] 
Fitness: [12969 12970 12970 12969 12970 12968 12969 12969 12970 12969 12969 12969
 12969 12969 12970] 
Iteration: 4 
Particle positions: [[-300 -300 -300 -300 -300 -300 -300 -300 -300 -300 -300 -300 -300 -300
  -300]] 
Fitness: [12969 12969 12969 12969 12970 12971 12969 12969 12969 12970 12970 12970
 12970 12969 12969] 
Iteration: 5 
Particle positions: [[-300 -300 -300 -300 -300 -300 -300 -300 -300 -300 -300 -300 -300 -300
  -300]] 
Fitness: [12970 12969 12968 12970 12969 12969 12969 12969 12969 12969 12970 12969
 12969 12969 12969] 
Iteration: 6 
Particle positions: [[-300 -300 -300 -300 -300 -300 -300 -300 -300 -300 -300 -300 -300 -300
  -300]] 
Fitness: [12969 12969 12970 12969 12970 12970 12970 12969 12969 12969 12969 12969
 12969 12970 12970] 
Iteration: 7 
Particle positions: [[-300 -300 -300 -300 -300 -300 -300 -300 -300 -300 -300 -300 -300 -300
  -300]] 
Fitness: [12969 12969 12969 12970 12970 12969 12970 12970 12969 12969 12969 12969
 12970 12968 12969] 
Iteration: 8 
Particle positions: [[-300 -300 -300 -300 -300 -300 -300 -300 -300 -300 -300 -300 -300 -300
  -300]] 
Fitness: [12969 12969 12970 12970 12970 12969 12969 12970 12969 12971 12970 12969
 12970 12969 12969] 
Iteration: 9 
Particle positions: [[-300 -300 -300 -300 -300 -300 -300 -300 -300 -300 -300 -300 -300 -300
  -300]] 
Fitness: [12970 12969 12969 12969 12970 12969 12969 12969 12969 12970 12970 12970
 12970 12970 12970] 
Object: 1 
Iteration: 0 
Particle positions: [[ -68   55  186  -59  -34   56  166 -270  -68  161 -232  284  -94 -197
  -226]] 
Fitness: [11547  9712  7503 11427 11080  9696  7860 13165 11546  7948 13036  5873
 11878 12804 13007] 
Iteration: 1 
Particle positions: [[-249 -300 -255 -198  -40 -300 -300 -269 -100 -300 -296  -69 -280 -300
  -300]] 
Fitness: [13105 13214 13125 12810 11166 13213 13213 13164 11952 13214 13208 11560
 13185 13213 13213] 
Iteration: 2 
Particle positions: [[-300 -300 -300 -300 -298 -300 -300 -300 -300 -300 -300 -300 -300 -300
  -300]] 
Fitness: [13213 13212 13212 13213 13211 13213 13214 13213 13213 13212 13212 13213
 13214 13212 13212] 
Iteration: 3 
Particle positions: [[-300 -300 -300 -300 -300 -300 -300 -300 -300 -300 -300 -300 -300 -300
  -300]] 
Fitness: [13213 13213 13210 13214 13213 13211 13212 13212 13213 13213 13212 13213
 13212 13212 13213] 
Iteration: 4 
Particle positions: [[-300 -300 -300 -300 -300 -300 -300 -300 -300 -300 -300 -300 -300 -300
  -300]] 
Fitness: [13212 13213 13213 13214 13212 13213 13213 13213 13213 13212 13213 13212
 13213 13213 13213] 
Iteration: 5 
Particle positions: [[-300 -300 -300 -300 -300 -300 -300 -300 -300 -300 -300 -300 -300 -300
  -300]] 
Fitness: [13213 13212 13213 13213 13212 13213 13213 13213 13214 13212 13213 13212
 13212 13212 13212] 
Iteration: 6 
Particle positions: [[-300 -300 -300 -300 -300 -300 -300 -300 -300 -300 -300 -300 -300 -300
  -300]] 
Fitness: [13212 13212 13213 13214 13213 13213 13213 13213 13213 13212 13212 13213
 13213 13212 13212] 
Iteration: 7 
Particle positions: [[-300 -300 -300 -300 -300 -300 -300 -300 -300 -300 -300 -300 -300 -300
  -300]] 
Fitness: [13211 13212 13213 13213 13212 13212 13213 13212 13212 13213 13214 13212
 13212 13212 13212] 
Iteration: 8 
Particle positions: [[-300 -300 -300 -300 -300 -300 -300 -300 -300 -300 -300 -300 -300 -300
  -300]] 
Fitness: [13213 13213 13213 13214 13213 13213 13212 13213 13213 13212 13213 13212
 13213 13212 13213] 
Iteration: 9 
Particle positions: [[-300 -300 -300 -300 -300 -300 -300 -300 -300 -300 -300 -300 -300 -300
  -300]] 
Fitness: [13213 13213 13212 13213 13212 13212 13213 13213 13213 13213 13213 13213
 13212 13212 13214] 
Object: 2 
Iteration: 0 
Particle positions: [[-213   21  274   54 -185 -123 -137 -166  -57 -296 -112  -21 -242   -9
   272]] 
Fitness: [13079 10740  6419 10217 12971 12541 12689 12877 11829 13067 12430 11350
 13164 11181  6451] 
Iteration: 1 
Particle positions: [[-225 -284   93 -300 -220 -300 -210 -267 -300 -218 -148 -300 -242  -87
  -300]] 
Fitness: [13109 13112  9560 13049 13098 13048 13069 13155 13049 13094 12767 13049
 13164 12194 13048] 
Iteration: 2 
Particle positions: [[-254 -300 -300 -300 -251 -300 -293 -300 -300 -176 -300 -300 -242 -300
  -300]] 
Fitness: [13167 13049 13049 13049 13167 13049 13078 13048 13049 12929 13049 13048
 13165 13048 13049] 
Iteration: 3 
Particle positions: [[-277 -300 -300 -300 -276 -300 -300 -298 -300 -160 -300 -300 -252 -300
  -300]] 
Fitness: [13132 13050 13050 13048 13136 13049 13049 13058 13048 12842 13048 13050
 13168 13049 13048] 
Iteration: 4 
Particle positions: [[-254 -300 -300 -300 -218 -251 -248 -185 -294 -294 -300 -300 -260 -300
  -300]] 
Fitness: [13167 13049 13049 13050 13092 13168 13167 12970 13073 13074 13049 13049
 13163 13048 13048] 
Iteration: 5 
Particle positions: [[-235 -269 -300 -300 -259 -217 -216 -121 -243 -293 -217 -300 -252 -244
  -300]] 
Fitness: [13159 13151 13048 13049 13163 13089 13088 12525 13166 13078 13090 13049
 13167 13167 13048] 
Iteration: 6 
Particle positions: [[-236 -218 -300 -259 -279 -244 -269 -292 -212 -124 -222 -244 -247 -217
  -300]] 
Fitness: [13159 13093 13048 13164 13127 13166 13150 13081 13075 12549 13103 13166
 13167 13089 13048] 
Iteration: 7 
Particle positions: [[-265 -229 -263 -232 -270 -272 -248 -300 -220 -280 -255 -216 -250 -285
  -300]] 
Fitness: [13157 13116 13159 13155 13148 13146 13168 13048 13098 13123 13166 13087
 13169 13109 13048] 
Iteration: 8 
Particle positions: [[-265 -300 -235 -297 -264 -249 -238 -296 -300 -300 -271 -225 -252 -230
  -245]] 
Fitness: [13156 13049 13159 13062 13158 13168 13163 13065 13048 13049 13147 13108
 13168 13118 13166] 
Iteration: 9 
Particle positions: [[-225 -286 -288 -205 -226 -240 -243 -177 -289 -258 -251 -265 -252 -214
  -226]] 
Fitness: [13110 13105 13098 13052 13111 13164 13166 12933 13094 13165 13168 13157
 13168 13081 13112] 
place side object: 1 
Object: 0 
Iteration: 0 
Particle positions: [[-163  126 -119  -46  142  240 -172  234  -44  230  202  -83 -278 -144
  -151]] 
Fitness: [12314  9002 12006 11305  8760  7247 12365  7340 11281  7401  7826 11653
 12834 12189 12236] 
Iteration: 1 
Particle positions: [[-236 -119 -232 -172 -300 -300 -300 -300 -157 -300 -300 -300 -278 -210
  -268]] 
Fitness: [12724 12006 12709 12366 12861 12862 12862 12861 12275 12861 12860 12860
 12835 12576 12816] 
Iteration: 2 
Particle positions: [[-299 -300 -300 -300 -300 -300 -300 -300 -300 -300 -300 -300 -291 -300
  -300]] 
Fitness: [12860 12862 12862 12861 12862 12861 12861 12861 12861 12861 12861 12861
 12852 12862 12862] 
Iteration: 3 
Particle positions: [[-300 -300 -300 -300 -300 -300 -300 -300 -300 -300 -300 -300 -300 -300
  -300]] 
Fitness: [12861 12861 12861 12861 12862 12861 12861 12861 12861 12861 12862 12861
 12861 12862 12860] 
Iteration: 4 
Particle positions: [[-300 -300 -300 -300 -300 -300 -300 -300 -300 -300 -300 -300 -300 -300
  -300]] 
Fitness: [12862 12861 12861 12861 12862 12862 12861 12861 12861 12862 12861 12861
 12861 12862 12861] 
Iteration: 5 
Particle positions: [[-300 -300 -300 -300 -300 -300 -300 -300 -300 -300 -300 -300 -300 -300
  -300]] 
Fitness: [12861 12861 12861 12862 12861 12861 12861 12861 12861 12861 12861 12861
 12861 12861 12861] 
Iteration: 6 
Particle positions: [[-300 -300 -300 -300 -300 -300 -300 -300 -300 -300 -300 -300 -300 -300
  -300]] 
Fitness: [12862 12861 12861 12862 12861 12860 12861 12861 12860 12861 12861 12862
 12862 12861 12862] 
Iteration: 7 
Particle positions: [[-300 -300 -300 -300 -300 -300 -300 -300 -300 -300 -300 -300 -300 -300
  -300]] 
Fitness: [12861 12862 12861 12862 12861 12861 12861 12861 12861 12861 12862 12861
 12860 12860 12861] 
Iteration: 8 
Particle positions: [[-300 -300 -300 -300 -300 -300 -300 -300 -300 -300 -300 -300 -300 -300
  -300]] 
Fitness: [12862 12862 12862 12862 12861 12861 12861 12861 12861 12861 12862 12861
 12861 12861 12862] 
Iteration: 9 
Particle positions: [[-300 -300 -300 -300 -300 -300 -300 -300 -300 -300 -300 -300 -300 -300
  -300]] 
Fitness: [12862 12862 12862 12861 12861 12863 12861 12861 12861 12861 12862 12862
 12861 12861 12861] 
Object: 1 
Iteration: 0 
Particle positions: [[-232  -39 -123 -169  -78  284   10 -201 -286  192 -171  174 -198  232
  -278]] 
Fitness: [13074 11755 12504 12831 12136  6809 11129 12970 13150  8377 12840  8679
 12959  7691 13156] 
Iteration: 1 
Particle positions: [[-273 -290 -297 -300 -126 -300 -300 -244 -284 -300 -182 -281 -294  -40
  -279]] 
Fitness: [13157 13146 13137 13129 12527 13131 13130 13133 13153 13133 12893 13154
 13141 11768 13154] 
Iteration: 2 
Particle positions: [[-300 -300 -300 -300 -229 -300 -300 -300 -276 -300 -300 -300 -300 -300
  -277]] 
Fitness: [13131 13131 13132 13130 13068 13130 13131 13131 13157 13131 13130 13130
 13131 13130 13156] 
Iteration: 3 
Particle positions: [[-272 -300 -300 -300 -300 -300 -300 -270 -265 -300 -300 -300 -300 -300
  -274]] 
Fitness: [13158 13130 13131 13130 13131 13131 13132 13157 13154 13131 13129 13131
 13129 13130 13156] 
Iteration: 4 
Particle positions: [[-251 -300 -300 -300 -300 -300 -300 -248 -270 -300 -300 -300 -283 -300
  -279]] 
Fitness: [13143 13130 13130 13131 13131 13131 13130 13140 13156 13130 13131 13130
 13152 13130 13155] 
Iteration: 5 
Particle positions: [[-265 -300 -274 -284 -299 -300 -300 -259 -284 -300 -300 -300 -263 -300
  -271]] 
Fitness: [13156 13131 13157 13152 13132 13131 13131 13153 13152 13131 13131 13131
 13155 13131 13156] 
Iteration: 6 
Particle positions: [[-289 -277 -255 -271 -278 -300 -300 -296 -259 -300 -285 -300 -251 -300
  -269]] 
Fitness: [13147 13155 13148 13157 13155 13131 13132 13138 13151 13131 13151 13131
 13143 13131 13156] 
Iteration: 7 
Particle positions: [[-286 -254 -290 -264 -262 -300 -300 -275 -268 -300 -265 -247 -277 -293
  -277]] 
Fitness: [13150 13147 13146 13155 13154 13131 13130 13156 13157 13130 13155 13138
 13156 13142 13157] 
Iteration: 8 
Particle positions: [[-249 -255 -261 -280 -268 -286 -300 -248 -275 -262 -258 -256 -285 -259
  -279]] 
Fitness: [13141 13147 13154 13155 13157 13151 13130 13139 13156 13154 13151 13149
 13151 13153 13155] 
Iteration: 9 
Particle positions: [[-268 -296 -277 -284 -273 -269 -287 -260 -277 -248 -260 -284 -267 -253
  -269]] 
Fitness: [13157 13138 13156 13152 13157 13157 13149 13152 13156 13139 13152 13151
 13154 13145 13157] 
place side object: 2 
Object: 0 
Iteration: 0 
Particle positions: [[-214  -57 -252 -187 -141  -38   12  125  264 -202  252  228 -252   84
    61]] 
Fitness: [12503 11690 12566 12431 12249 11546 11059  9696  7848 12472  8019  8351
 12566 10229 10514] 
Iteration: 1 
Particle positions: [[-245 -300 -252 -263 -200 -300   10  -71 -300 -260  164 -216 -252 -233
  -228]] 
Fitness: [12559 12593 12566 12612 12467 12595 11079 11787 12594 12571  9233 12507
 12566 12542 12533] 
Iteration: 2 
Particle positions: [[-275 -300 -261 -300 -300 -300   -1 -300 -300 -300  -82 -300 -257 -300
  -300]] 
Fitness: [12613 12594 12573 12594 12595 12594 11181 12594 12594 12594 11859 12594
 12570 12594 12594] 
Iteration: 3 
Particle positions: [[-299 -300 -285 -256 -300 -300 -169 -300 -300 -300 -283 -300 -284 -300
  -300]] 
Fitness: [12594 12593 12608 12569 12594 12594 12371 12594 12593 12594 12610 12594
 12608 12594 12594] 
Iteration: 4 
Particle positions: [[-241 -300 -300 -231 -300 -300 -300 -300 -300 -269 -300 -300 -292 -300
  -300]] 
Fitness: [12555 12594 12594 12540 12594 12594 12594 12593 12594 12612 12593 12595
 12602 12594 12594] 
Iteration: 5 
Particle positions: [[-278 -300 -263 -300 -300 -300 -300 -300 -300 -250 -300 -300 -276 -300
  -300]] 
Fitness: [12611 12594 12611 12593 12595 12594 12594 12594 12594 12565 12593 12594
 12612 12594 12594] 
Iteration: 6 
Particle positions: [[-297 -287 -243 -278 -296 -300 -300 -300 -300 -266 -264 -300 -265 -300
  -267]] 
Fitness: [12597 12608 12557 12612 12598 12594 12593 12593 12594 12611 12611 12594
 12612 12594 12612] 
Iteration: 7 
Particle positions: [[-300 -264 -300 -248 -283 -300 -300 -300 -300 -289 -254 -300 -285 -291
  -259]] 
Fitness: [12594 12611 12593 12563 12609 12594 12593 12594 12593 12605 12569 12594
 12608 12604 12571] 
Iteration: 8 
Particle positions: [[-294 -252 -282 -277 -273 -300 -290 -300 -300 -271 -282 -300 -282 -258
  -287]] 
Fitness: [12601 12565 12610 12612 12613 12594 12605 12593 12594 12612 12609 12593
 12609 12571 12607] 
Iteration: 9 
Particle positions: [[-255 -289 -269 -278 -268 -300 -267 -293 -300 -259 -287 -297 -268 -265
  -260]] 
Fitness: [12569 12605 12612 12611 12613 12594 12613 12601 12593 12572 12607 12598
 12613 12611 12571] 
Type: 1 
Bin: 0 
place side object: 0 
Object: 0 
Iteration: 0 
Particle positions: [[  46 -292  238   70 -173  279  211 -147 -209 -136   72  270 -192   37
  -221]] 
Fitness: [12071 10182 12331 12155 11018 12301 12312 11180 10782 11246 12162 12305
 10895 12037 10700] 
Iteration: 1 
Particle positions: [[ 72  24 237 290 290 265 253 290 102 290 218 255 -40 148 159]] 
Fitness: [12161 11990 12329 12307 12307 12305 12345 12307 12197 12307 12318 12347
 11767 12306 12280] 
Iteration: 2 
Particle positions: [[137 290 254 290 290 239 290 290 290 290 290 241 290 290 290]] 
Fitness: [12284 12307 12345 12306 12307 12332 12308 12307 12307 12307 12307 12335
 12307 12308 12307] 
Iteration: 3 
Particle positions: [[240 290 270 290 290 237 257 290 290 290 290 268 290 290 290]] 
Fitness: [12333 12307 12305 12307 12307 12329 12348 12307 12307 12307 12307 12305
 12307 12307 12307] 
Iteration: 4 
Particle positions: [[290 290 264 290 290 275 232 290 290 290 179 264 290 290 290]] 
Fitness: [12307 12307 12305 12307 12307 12303 12322 12307 12306 12307 12307 12305
 12306 12307 12306] 
Iteration: 5 
Particle positions: [[243 290 234 289 290 233 283 290 290 290 137 241 290 288 290]] 
Fitness: [12336 12307 12324 12307 12307 12323 12302 12307 12307 12307 12284 12335
 12307 12306 12308] 
Iteration: 6 
Particle positions: [[237 290 247 288 284 236 279 290 290 290 290 272 290 243 287]] 
Fitness: [12330 12308 12341 12306 12302 12327 12301 12307 12307 12307 12307 12304
 12307 12337 12305] 
Iteration: 7 
Particle positions: [[269 247 258 260 267 260 268 261 266 290 290 245 290 234 277]] 
Fitness: [12305 12341 12348 12349 12305 12349 12306 12349 12305 12306 12307 12339
 12307     0 12303] 
Iteration: 8 
Particle positions: [[249 234 266 244 290 273 226 245 287 257 290 277 255 241 278]] 
Fitness: [12342     0 12305 12338 12307 12304 12321 12338 12305 12348 12307 12302
 12347 12334 12302] 
Iteration: 9 
Particle positions: [[241 240 263 257 268 248 219 264 269 243 194 251 243 274 277]] 
Fitness: [12334 12334 12305 12347 12305 12342 12318 12305 12306 12337 12335 12344
 12336 12304 12303] 
Object: 1 
Iteration: 0 
Particle positions: [[ -44   83 -129 -290  210 -141 -166  165  -21  276 -282 -166 -286  104
   119]] 
Fitness: [12025 12413 11572 10069 12411 11486 11298 12456 12126 12282 10167 11298
 10118 12454 12476] 
Iteration: 1 
Particle positions: [[ 110  114   73  290   72  204  -37  152   34  254  290  193 -215  132
   120]] 
Fitness: [12463 12469 12396 12248 12393 12458 12057 12457 12341 12363 12247 12463
 10882 12490 12477] 
Iteration: 2 
Particle positions: [[247 165 290 290 150 290 186 108 259 147 290 290 278 156 132]] 
Fitness: [12372 12456 12247 12248 12657 12248 12464 12461 12357 12456 12247 12247
 12278 12457 12489] 
Iteration: 3 
Particle positions: [[238 107 180 290 213 279 290 155 290  65 290 290 290 126 142]] 
Fitness: [12378 12458 12463 12247 12408 12276 12247 12457 12248 12380 12247 12247
 12247 12484 12455] 
Iteration: 4 
Particle positions: [[ 68 121  65 290 133 -54 216 108 238 109 262 137 290 144 159]] 
Fitness: [12386 12479 12380 12247 12491 11976 12405 12460 12379 12462 12352 12451
 12247 12456 12457] 
Iteration: 5 
Particle positions: [[103 155 284  44  99 244 113 128 106 215  87 128 213 152 115]] 
Fitness: [12452 12458 12263 12368 12444 12375 12468 12486 12457 12406 12419 12486
 12409 12458 12471] 
Iteration: 6 
Particle positions: [[169 145 267 -95 210 244  50 180  61 156   6 151 117 131 151]] 
Fitness: [12459 12456 12344 11746 12412 12374 12344 12463 12372 12458 12242 12457
 12474 12489 12457] 
Iteration: 7 
Particle positions: [[169 115  63 290 130 107 102 154 182  34 109 153  93 148 147]] 
Fitness: [12459 12471 12375 12248 12488 12457 12450 12457 12463 12340 12462 12458
 12431 12457 12456] 
Iteration: 8 
Particle positions: [[148 136 171 -49 156 277 160  92 244 290 217 117 159 154 129]] 
Fitness: [12457 12452 12459 12000 12457 12280 12457 12429 12374 12247 12404 12472
 12458 12457 12486] 
Iteration: 9 
Particle positions: [[121 132 193 221 154 197 108 109 156 -87 224 181 104 122 152]] 
Fitness: [12478 12490 12463 12400 12458 12462 12460 12462 12457 11794 12395 12463
 12453 12479 12457] 
Object: 2 
Iteration: 0 
Particle positions: [[ -63  227    4  -40 -289  154 -138  -33   -3  131 -118   32   46  -75
    68]] 
Fitness: [12118 12628 12470 12273  9068 12755 11443 12275 12436 12744 11650 12581
 12634 12027 12698] 
Iteration: 1 
Particle positions: [[284  85  79 -17 290 154 271 -23 246 176  36 167 143 290  95]] 
Fitness: [12424 12736 12723 12366 12406 12755 12469 12334 12588 12745 12597 12751
 12752 12405 12714] 
Iteration: 2 
Particle positions: [[290  20 170 206 290 154 290 198 290 201 290 265 238 290 188]] 
Fitness: [12406 12536 12749 12662 12406 12755 12405 12677 12406 12671 12405 12490
 12607 12405 12693] 
Iteration: 3 
Particle positions: [[242 264 233 290 290 154 179 290 290 161 282 181 234 209  70]] 
Fitness: [12598 12493 12618 12406 12405 12755 12704 12406 12406 12754 12430 12702
 12616 12655 12704] 
Iteration: 4 
Particle positions: [[ 131  213   94   42  290  154   88  268   -4  127 -248   41  102  114
    38]] 
Fitness: [12744 12651 12713 12619 12406 12755 12741 12479 12433 12740  9934 12615
 12724 12735 12605] 
Iteration: 5 
Particle positions: [[  68  -76  186   95  107  154  156   76  290  138 -300  217  101   97
   283]] 
Fitness: [12698 12020 12696 12714 12729 12755 12755 12718 12405 12749  8795 12645
 12722 12718 12427] 
Iteration: 6 
Particle positions: [[247 243 196 145  53 154 198 -44 290 205 221 169 162 191 290]] 
Fitness: [12585 12594 12680 12753 12655 12753 12677 12248 12405 12663 12639 12751
 12754 12688 12406] 
Iteration: 7 
Particle positions: [[146 284 148 188 277 154 118 259 124 113 290 135 186 111 -95]] 
Fitness: [12753 12424 12754 12692 12447 12755 12738 12509 12740 12734 12405 12747
 12696 12732 11863] 
Iteration: 8 
Particle positions: [[ 93  60 124  86 -31 154 120  28  62 204 136 151 176  71 115]] 
Fitness: [12712 12676 12739 12738 12287 12755 12738 12565 12683 12666 12747 12754
 12746 12706 12735] 
Iteration: 9 
Particle positions: [[175 144 157 207  11 154 175  99 206 158  63 165 127 186 251]] 
Fitness: [12745 12752 12754 12660 12499 12754 12746 12720 12662 12755 12685 12753
 12740 12696 12573] 
place side object: 1 
Object: 0 
Iteration: 0 
Particle positions: [[ -66   31 -241  210  271  220  278 -266 -237 -245  104  140 -289 -227
   170]] 
Fitness: [10841 11367  9718 12137 12238 12171 12331  9572  9745  9686 11757 11883
  9460  9814 12015] 
Iteration: 1 
Particle positions: [[ 290  238  290  290  283  290  277  199  290  290  123  290 -226  290
   223]] 
Fitness: [12376 12244 12376 12376 12350 12377 12327 12096 12376 12376 11852 12376
  9822 12377 12180] 
Iteration: 2 
Particle positions: [[290 290 290 290 290 290 290 290 290 290 272 290 290 290 290]] 
Fitness: [12376 12376 12376 12376 12376 12376 12376 12377 12376 12375 13271 12377
 12376 12376 12376] 
Iteration: 3 
Particle positions: [[290 290 290 290 275 290 290 290 290 290 290 290 290 290 290]] 
Fitness: [12376 12376 12376 12376 12320 12376 12376 12376 12377 12375 12375 12376
 12376 12377 12376] 
Iteration: 4 
Particle positions: [[290 290 290 284 275 290 278 290 290 290 290 290 290 290 290]] 
Fitness: [12376 12376 12376 12355 12321 12376 12331 12376 12376 12376 12376 12376
 12377 12376 12376] 
Iteration: 5 
Particle positions: [[290 290 290 277 282 280 282 290 290 290 290 290 290 290 278]] 
Fitness: [12376 12376 12376 12327 12347 12339 12346 12376 12376 12376 12375 12376
 12376 12376 12331] 
Iteration: 6 
Particle positions: [[290 290 290 272 285 278 286 290 290 290 254 290 290 290 284]] 
Fitness: [12376 12376 12376 12313 12358 12331 12362 12376 12376 12376 12303 12376
 12376 12376 12354] 
Iteration: 7 
Particle positions: [[290 290 290 290 270 281 287 290 290 290 256 286 290 290 290]] 
Fitness: [12376 12376 12376 12376 12270 12342 12365 12376 12377 12376 12266 12362
 12376 12377 12376] 
Iteration: 8 
Particle positions: [[271 290 290 282 264 269 280 290 290 290 280 274 290 290 275]] 
Fitness: [12237 12376 12376 12347 12291 13229 12339 12376 12376 12376 12339 12318
 12376 12376 12321] 
Iteration: 9 
Particle positions: [[290 265 277 274 290 268 276 258 288 276 281 280 290 290 275]] 
Fitness: [12376 12295 12327 12318 12376 12302 12324 12271 12369 12324 12343 12338
 12375 12376 12321] 
Object: 1 
Iteration: 0 
Particle positions: [[ 260 -235 -194  -57 -134 -167  284  262   86  -50  132 -114  -81 -235
  -216]] 
Fitness: [12341  9816 10156 11171 10645 10396 12319 12344 11940 11215 12068 10788
 11014  9816  9995] 
Iteration: 1 
Particle positions: [[ 265 -164  290  -53  290  290  247  263  290  172  290  290  290  290
  -170]] 
Fitness: [12304 10417 12324 11196 12324 12324 12321 12302 12324 12198 12324 12324
 12323 12324 10375] 
Iteration: 2 
Particle positions: [[257 290 290 290 290 290 226 262 290 290 290 290 290 290 290]] 
Fitness: [12337 12324 12324 12324 12323 12324 12276 12343 12324 12324 12324 12324
 12324 12324 12324] 
Iteration: 3 
Particle positions: [[255 290 290 290 290 290 282 264 290 290 290 290 290 290 290]] 
Fitness: [12333 12324 12324 12323 12325 12324 12318 12302 12324 12324 12324 12324
 12324 12324 12324] 
Iteration: 4 
Particle positions: [[267 290 290 290 290 290 290 263 290 290 290 290 290 290 290]] 
Fitness: [12305 12323 12324 12324 12324 12324 12324 12302 12323 12324 12324 12324
 12324 12324 12323] 
Iteration: 5 
Particle positions: [[268 290 290 290 290 290 270 261 290 290 285 290 290 290 290]] 
Fitness: [12307 12323 12323 12324 12324 12324 12309 12342 12324 12324 12320 12323
 12324 12324 12325] 
Iteration: 6 
Particle positions: [[246 290 290 290 290 290 261 263 288 272 271 290 290 290 290]] 
Fitness: [12319 12324 12324 12324 12324 12325 12342 12302 12321 12312 12310 12324
 12324 12324 12324] 
Iteration: 7 
Particle positions: [[271 290 290 278 277 290 257 263 283 256 264 285 290 284 290]] 
Fitness: [12310 12323 12323 12316 12315 12324 12337 12301 12318 12335 12302 12319
 12324 12320 12324] 
Iteration: 8 
Particle positions: [[276 270 290 257 266 256 266 263 277 251 264 252 290 254 290]] 
Fitness: [12315 12308 12324 12337 12304 12335 12305 12301 12315 12327 12303 12329
 12324 12333 12324] 
Iteration: 9 
Particle positions: [[243 263 242 254 290 246 258 262 270 273 287 247 272 251 290]] 
Fitness: [12313 12301 12312 12332 12323 12319 12339 12343 12309 12311 12321 12321
 12311 12327 12324] 
place side object: 2 
Object: 1 
Iteration: 0 
Particle positions: [[-194  -22  -42 -204 -292  196   10  -60   52  284  -31 -139 -195 -168
    86]] 
Fitness: [ 9401 10552 10431  9386  8744 11742 10745 10323 11001 12081 10497  9806
  9392  9559 11206] 
Iteration: 1 
Particle positions: [[ 290  290  110   70  -88  256  201  191  290  284   25  290 -145  187
   290]] 
Fitness: [12106 12106 11347 11111 10092 11971 11768 11717 12107 12081 10837 12106
  9755 11699 12106] 
Iteration: 2 
Particle positions: [[290 290 290 290 163 290 290 290 290 290 290 290 290 290 290]] 
Fitness: [12107 12106 12106 12106 11583 12106 12106 12107 12106 12106 12106 12106
 12106 12106 12106] 
Iteration: 3 
Particle positions: [[290 290 290 290 290 290 290 290 290 290 290 290 290 290 290]] 
Fitness: [12106 12106 12106 12106 12106 12106 12106 12107 12106 12106 12106 12106
 12107 12106 12106] 
Iteration: 4 
Particle positions: [[290 290 290 290 290 290 290 290 290 290 290 290 290 290 290]] 
Fitness: [12106 12106 12107 12106 12106 12105 12106 12106 12106 12106 12107 12105
 12106 12106 12106] 
Iteration: 5 
Particle positions: [[290 290 290 290 290 290 290 290 290 290 290 290 290 290 290]] 
Fitness: [12105 12106 12106 12106 12107 12106 12106 12106 12106 12106 12107 12106
 12106 12106 12106] 
Iteration: 6 
Particle positions: [[290 290 290 290 290 290 290 290 290 290 290 290 290 290 290]] 
Fitness: [12107 12106 12106 12106 12106 12105 12107 12107 12106 12106 12107 12107
 12106 12106 12106] 
Iteration: 7 
Particle positions: [[290 290 290 290 290 290 290 290 290 290 290 290 290 290 290]] 
Fitness: [12107 12106 12106 12107 12106 12106 12106 12106 12106 12106 12106 12106
 12106 12107 12106] 
Iteration: 8 
Particle positions: [[290 290 290 290 290 290 290 290 290 290 290 290 290 290 290]] 
Fitness: [12106 12105 12106 12106 12106 12106 12106 12106 12107 12106 12106 12107
 12106 12106 12107] 
Iteration: 9 
Particle positions: [[290 290 290 290 290 290 290 290 290 290 290 290 290 290 290]] 
Fitness: [12106 12106 12106 12106 12106 12106 12106 12107 12105 12106 12106 12105
 12106 12107 12107] 
