Type: 1 
Bin: 0 
place side object: 0 
Object: 0 
Iteration: 0 
Particle positions: [[ 189  134  -30  138  -38  115  186  -88 -146  -60  227  146  243 -290
    63]] 
Fitness: [12327 12277 11815 12286 11777 12226 12321 11515 11186 11666 12321 12302
 12337 10202 12133] 
Iteration: 1 
Particle positions: [[270 290 -23 290 290 290 252 113 -95 290 237 290 242  98 290]] 
Fitness: [12305 12307 11848 12307 12307 12307 12345 12220 11478 12307 12330 12307
 12335 12188 12307] 
Iteration: 2 
Particle positions: [[226 290 290 290 290 290 290 290 112 290 263 290 255 290 290]] 
Fitness: [12321 12307 12307 12308 12307 12308 12307 12306 12217 12308 12305 12306
 12346 12307 12307] 
Iteration: 3 
Particle positions: [[172 290 290 290 290 290 267 290 290 290 274 290 265 290 290]] 
Fitness: [12297 12306 12307 12307 12307 12307 12305 12307 12307 12307 12304 12307
 12305 12307 12307] 
Iteration: 4 
Particle positions: [[290 290 290 260 290 271 209 290 290 290 205 290 243 290 290]] 
Fitness: [12307 12307 12307 12348 12307 12305 12354 12307 12307 12307 12350 12308
 12336 12308 12307] 
Iteration: 5 
Particle positions: [[173 290 290 217 290 271 169 241 290 290 158 271 209 290 230]] 
Fitness: [12298 12307 12307 12317 12306 12306 12294 12335 12307 12308 12279 12305
 12355 12307 12322] 
Iteration: 6 
Particle positions: [[135 140 279 208 290 254 228 146 290 244 259 233 187 269 165]] 
Fitness: [12279 12291 12301 12353 12307 12346 12321 12303 12307 12337 12348 12322
 12323 12305 12289] 
Iteration: 7 
Particle positions: [[241 208 225 202 196 157 228 185 240 212 281 163 206 270 208]] 
Fitness: [12334 12354 12320 12346 12338 12277 12320 12319 12333 12313 12299 12286
 12351 12305 12353] 
Iteration: 8 
Particle positions: [[260 246 188 210 147 234 183 281 188 233 184 282 224 189 233]] 
Fitness: [12349 12339 12325 12355 12304     0 12315 12300 12325 12324 12318 12301
 12320 12326 12324] 
Iteration: 9 
Particle positions: [[169 178 187 213 195 253 202 169 267 219 207 205 223 169 196]] 
Fitness: [12293 12305 12324 12314 12337 12345 12347 12294 12306 12317 12352 12350
 12320 12293 12337] 
Object: 1 
Iteration: 0 
Particle positions: [[-116  -24  -28 -181  226  -31 -120  -64  133 -247   33  258  142 -177
  -235]] 
Fitness: [11660 12115 12097 11178 12392 12085 11634 11924 12491 10535 12337 12358
 12454 11211 10677] 
Iteration: 1 
Particle positions: [[ 223  144  243  261  142  131  219  131  133  290  173  127  133   12
  -221]] 
Fitness: [12396 12456 12375 12354 12454 12489 12402 12490 12491 12248 12460 12485
 12491 12264 10772] 
Iteration: 2 
Particle positions: [[290 268 290 290  56 269 290 290 135 290 270  26 126 220 290]] 
Fitness: [12247 12342 12247 12248 12359 12296 12247 12247 12450 12247 12295 12314
 12484 12400 12247] 
Iteration: 3 
Particle positions: [[125 139 182 290 211  19 290 290 133 290  25 268 136 290 290]] 
Fitness: [12483 12452 12463 12248 12411 12289 12247 12248 12492 12248 12311 12342
 12451 12247 12247] 
Iteration: 4 
Particle positions: [[  17   40   42  269  178  129  242 -204  132  290   70  148  136   48
   290]] 
Fitness: [12283 12359 12363 12296 12462 12486 12376 10982 12490 12247 12389 12456
 12451 12339 12248] 
Iteration: 5 
Particle positions: [[271  97 189  22 121 211 172 137 135 143 267  25 132 121 211]] 
Fitness: [12293 12440 12464 12301 12479 12410 12460 12452 12450 12455 12344 12311
 12489 12478 12410] 
Iteration: 6 
Particle positions: [[ 57 138 235 238  96 171  69 290 131  31 113 290 132 177  20]] 
Fitness: [12362 12453 12380 12379 12438 12459 12388 12247 12488 12331 12468 12246
 12489 12462 12294] 
Iteration: 7 
Particle positions: [[ 41 168 211 166 147  64 138 266 132 133  45 200 135 128 168]] 
Fitness: [12361 12458 12411 12456 12457 12377 12452 12346 12490 12490 12373 12460
 12450 12485 12458] 
Iteration: 8 
Particle positions: [[269 131 149 102 129 245 219  57 135 189 226 -80 133 109 243]] 
Fitness: [12296 12488 12457 12450 12487 12373 12401 12362 12450 12463 12391 11835
 12491 12463 12375] 
Iteration: 9 
Particle positions: [[168 116 123 203 122  30  78 189 131 150 175 289 132 158 123]] 
Fitness: [12458 12472 12481 12459 12480 12327 12404 12464 12490 12704 12461 12250
 12490 12457 12480] 
Object: 2 
Iteration: 0 
Particle positions: [[-224   62  -83 -221  263   34  143  -96  106 -193 -286  107  -77   50
  -246]] 
Fitness: [10329 12683 11963 10380 12497 12589 12751 11854 12728 10779  9160 12730
 12011 12646  9971] 
Iteration: 1 
Particle positions: [[ 19 114  85  19 227  72 143 -81 128 243 -24 117  54 219 222]] 
Fitness: [12532 12735 12736 12532 12629 12709 12752 11979 12741 12594 12328 12736
 12659 12643 12638] 
Iteration: 2 
Particle positions: [[290 177 250 290 139 125 143 -66 161 290 240 154 264 195 290]] 
Fitness: [12406 12745 12577 12406 12751 12741 12752 12096 12753 12406 12602 12754
 12493 12682 12407] 
Iteration: 3 
Particle positions: [[ 77 211 -91 -19  77 215 160 290 184 290 290 184 -36 113 290]] 
Fitness: [12718 12653 11897 12355 12720 12649 12754 12406 12698 12407 12407 12699
 12299 12735 12407] 
Iteration: 4 
Particle positions: [[ -38  209 -167   82  142    7  164  290  150   11  290  172  -24   95
   235]] 
Fitness: [12287 12656 11101 12730 12752 12482 12753 12405 12754 12499 12406 12749
 12327 12714 12613] 
Iteration: 5 
Particle positions: [[201  75 123 215 198  77 142 175 128 -68 103 134 290 209  34]] 
Fitness: [12672 12715 12740 12649 12678 12720 12752 12747 12741 12081 12725 12746
 12406 12656 12589] 
Iteration: 6 
Particle positions: [[ 219  285  290  196  124  290  156   89  178  270   -3  154 -126  237
   -31]] 
Fitness: [12643 12421 12406 12680 12740 12406 12755 12704 12704 12473 12437 12756
 11569 12609 12287] 
Iteration: 7 
Particle positions: [[-55  57 -12  59 135 188 164 154 138 290 206 166  54  78 290]] 
Fitness: [12174 12668 12393 12674 12747 12693 12753 12756 12750 12405 12662 12752
 12658 12723 12406] 
Iteration: 8 
Particle positions: [[290 196 290  84 173  28 142 190 146 143  98 148 177  20 290]] 
Fitness: [12405 12681 12406 12734 12748 12564 12751 12690 12754 12752 12718 12754
 12745 12536 12405] 
Iteration: 9 
Particle positions: [[290 203 181 138 125 212 144 173 156  78 127 144 194  64 -34]] 
Fitness: [12405 12668 12702 12749 12740 12652 12753 12747 12755 12721 12740 12753
 12684 12688 12310] 
place side object: 1 
Object: 0 
Iteration: 0 
Particle positions: [[ 258  -72  -55 -128  121  231  -40   42 -225   33 -117 -143   78 -117
   259]] 
Fitness: [12273 10804 10907 10466 11842 12215 11000 11428  9829 11378 10531 10376
 11615 10531 12276] 
Iteration: 1 
Particle positions: [[259 290 290 290 290 270 290 109 -44 180  33 290 147 145 259]] 
Fitness: [12276 12377 12376 12376 12376 12311 12376 11782 10975 12062 11378 12376
 11913 11905 12275] 
Iteration: 2 
Particle positions: [[290 290 290 290 290 290 290 290 290 290 290 290 290 290 290]] 
Fitness: [12376 12376 12376 12376 12376 12377 12376 12376 12376 12376 12376 12376
 12376 12376 12376] 
Iteration: 3 
Particle positions: [[290 290 290 290 290 290 290 290 290 290 290 290 290 290 290]] 
Fitness: [12376 12375 12376 12376 12376 12377 12376 12377 12376 12376 12376 12376
 12376 12376 12376] 
Iteration: 4 
Particle positions: [[290 290 290 290 290 290 290 290 290 290 290 290 290 290 290]] 
Fitness: [12376 12377 12376 12376 12376 12376 12376 12377 12376 12376 12376 12376
 12376 12376 12376] 
Iteration: 5 
Particle positions: [[290 290 290 290 290 290 290 290 290 290 290 290 290 290 290]] 
Fitness: [12376 12376 12376 12376 12376 12376 12376 12376 12376 12376 12376 12376
 12376 12376 12376] 
Iteration: 6 
Particle positions: [[290 290 290 290 290 290 290 290 290 290 290 290 290 290 290]] 
Fitness: [12376 12376 12376 12376 12376 12376 12376 12376 12376 12376 12376 12376
 12376 12376 12376] 
Iteration: 7 
Particle positions: [[290 290 290 290 290 290 290 290 290 290 290 290 290 290 290]] 
Fitness: [12376 12376 12376 12376 12376 12376 12376 12377 12376 12376 12376 12376
 12376 12377 12376] 
Iteration: 8 
Particle positions: [[290 290 290 290 290 290 290 290 290 290 290 290 290 290 290]] 
Fitness: [12376 12376 12376 12376 12376 12376 12376 12376 12376 12376 12376 12376
 12376 12375 12376] 
Iteration: 9 
Particle positions: [[290 290 290 290 290 290 290 290 290 290 290 290 290 290 290]] 
Fitness: [12375 12376 12376 12376 12376 12376 12376 12376 12377 12376 12376 12377
 12377 12376 12376] 
Object: 1 
Iteration: 0 
Particle positions: [[ 264 -111  137  -87  -66 -113  111  -38  232  108  245 -190   47  158
  -239]] 
Fitness: [12302 10810 12084 10975 11113 10796 11996 11289 12290 11984 12317 10195
 11755 12155  9775] 
Iteration: 1 
Particle positions: [[227 -66 290  79 290 290 243  88 257 250 245 290 290 258 120]] 
Fitness: [12278 11114 12324 11910 12324 12325 12314 11949 12337 12326 12318 12323
 12324 12338 12028] 
Iteration: 2 
Particle positions: [[250 179 290 290 290 290 290 290 278 290 250 290 290 290 290]] 
Fitness: [12326 12219 12324 12324 12324 12324 12323 12324 12316 12324 12326 12323
 12324 12325 12324] 
Iteration: 3 
Particle positions: [[274 290 290 290 290 290 290 290 271 268 260 290 290 290 290]] 
Fitness: [12313 12324 12323 12324 12324 12325 12324 12324 12310 12307 12341 12324
 12324 12324 12324] 
Iteration: 4 
Particle positions: [[276 290 290 290 290 290 290 290 245 233 267 290 290 270 290]] 
Fitness: [12314 12323 12324 12324 12324 12323 12323 12324 12317 12292 12306 12323
 12324 12309 12324] 
Iteration: 5 
Particle positions: [[211 290 290 290 290 290 276 290 262 236 264 290 290 245 290]] 
Fitness: [12249 12324 12324 12323 12324 12323 12315 12324 12344 12299 12303 12323
 12324 12317 12324] 
Iteration: 6 
Particle positions: [[246 290 275 290 272 290 278 290 273 290 256 290 261 283 290]] 
Fitness: [12318 12325 12314 12324 12311 12324 12316 12324 12312 12324 12335 12324
 12342 12318 12324] 
Iteration: 7 
Particle positions: [[273 290 267 290 289 271 261 280 246 228 268 259 243 258 242]] 
Fitness: [12312 12324 12306 12323 12322 12310 12342 12317 12318 12280 12307 12340
 12314 12339 12311] 
Iteration: 8 
Particle positions: [[254 264 290 260 266 265 252 287 254 235 253 242 266 245 290]] 
Fitness: [12332 12302 12324 12341 12305 12303 12330 12321 12332 12296 12330 12312
 12305 12317 12324] 
Iteration: 9 
Particle positions: [[251 259 274 248 257 289 270 279 283 282 268 274 263 253 290]] 
Fitness: [12328 12340 12312 12323 12337 12322 12310 12317 12318 12318 12306 12313
 12302 12331 12324] 
place side object: 2 
Object: 0 
Iteration: 0 
Particle positions: [[  -1  266  234  -91 -298 -180  219 -110   85 -115  213  -83  102  -96
  -117]] 
Fitness: [10360 11996 11853  9822  8844  9348 11758  9729 10922  9706 11719  9864
 11033  9797  9696] 
Iteration: 1 
Particle positions: [[ 12 266 249 290 290   5 268 290 290 205 267 228 211 261 134]] 
Fitness: [10443 11996 11895 12146 12145 10399 12009 12145 12145 11665 12003 11816
 11706 11962 11255] 
Iteration: 2 
Particle positions: [[213 275 290 290 290 210 290 290 290 290 290 290 290 290 290]] 
Fitness: [11718 12054 12145 12145 12145 11698 12145 12145 12145 12145 12145 12146
 12145 12145 12146] 
Iteration: 3 
Particle positions: [[290 285 290 290 290 290 290 290 290 290 290 290 290 290 290]] 
Fitness: [12145 12116 12145 12145 12145 12146 12146 12146 12145 12146 12146 12145
 12146 12146 12145] 
Iteration: 4 
Particle positions: [[290 290 290 290 290 290 290 290 290 290 290 290 290 290 290]] 
Fitness: [12146 12145 12146 12146 12145 12145 12145 12146 12146 12145 12145 12146
 12145 12146 12146] 
Iteration: 5 
Particle positions: [[290 290 290 290 290 290 290 290 290 290 290 290 290 290 290]] 
Fitness: [12145 12144 12146 12146 12146 12146 12145 12146 12145 12145 12146 12146
 12146 12145 12145] 
Iteration: 6 
Particle positions: [[290 290 290 290 290 290 290 290 290 290 290 290 290 290 290]] 
Fitness: [12145 12146 12146 12146 12146 12145 12145 12146 12146 12146 12146 12146
 12146 12146 12146] 
Iteration: 7 
Particle positions: [[290 290 290 290 290 290 290 290 290 290 290 290 290 290 290]] 
Fitness: [12146 12146 12146 12146 12145 12145 12145 12146 12146 12146 12146 12145
 12146 12145 12146] 
Iteration: 8 
Particle positions: [[290 290 290 290 290 290 290 290 290 290 290 290 290 290 290]] 
Fitness: [12145 12146 12146 12145 12145 12146 12146 12146 12146 12145 12146 12146
 12145 12146 12146] 
Iteration: 9 
Particle positions: [[290 290 290 290 290 290 290 290 290 290 290 290 290 290 290]] 
Fitness: [12146 12146 12146 12146 12145 12146 12146 12146 12146 12146 12145 12146
 12145 12145 12145] 
