Type: 1 
Bin: 0 
place side object: 0 
Object: 0 
Iteration: 0 
Particle positions: [[-135   23  -72  -29 -217  250 -210  -47  201   65  106 -274   70  276
   126  167 -276  115 -274  248]] 
Fitness: [11252 11987 11602 11820 10728 12343 10775 11732 12345 12140 12205 10335
 12156 12303 12257 12291 10322 12227 10335 12342] 
Iteration: 1 
Particle positions: [[ 133  192   85  144    4  246  290  290  202  118  290  290  175  210
   194  220  112  252 -234  181]] 
Fitness: [12275 12332 12154 12299 11915 12339 12307 12307 12346 12235 12307 12306
 12299 12355 12335 12318 12218 12345 10611 12311] 
Iteration: 2 
Particle positions: [[290 290 290 290 290 180 290 290 205 215 290 290 290 150 260 252 290 290
  -93 261]] 
Fitness: [12308 12307 12308 12307 12306 12309 12307 12307 12350 12316 12307 12307
 12307 12310 12349 12345 12307 12307 11488 12349] 
Iteration: 3 
Particle positions: [[290 290 290 290 290 184 290 290 215 290 212 290 290 227 287 278 290 285
  290 281]] 
Fitness: [12307 12307 12308 12308 12307 12317 12307 12307 12316 12307 12313 12307
 12308 12321 12305 12302 12307 12304 12307 12300] 
Iteration: 4 
Particle positions: [[290  97 290 288 290 266 290 290 212 174 143 290 211 242 290 245 290 222
  290 262]] 
Fitness: [12307 12185 12307 12306 12307 12306 12307 12307 12313 12298 12297 12308
 12312 12336 12308 12338 12308 12319 12307 12349] 
Iteration: 5 
Particle positions: [[281 -33 290 207 290 251 290 239 192 126 226 290 141 223 125 210 290 175
  290 151]] 
Fitness: [12300 11801 12308 12352 12307 12344 12306 12332 12332 12257 12320 12307
 12293 12320 12254 12355 12306 12300 12307 12268] 
Iteration: 6 
Particle positions: [[258 147 227 138 290 186 290 146 221 236 265 290 161 176  84 180 290 262
  270 198]] 
Fitness: [12348 12304 12321 12286 12307 12321 12308 12303 12318 12328 12306 12307
 12284 12300 12152 12310 12307 12349 12306 12341] 
Iteration: 7 
Particle positions: [[181 290 160 161 199 252 145 290 220 289 181 212 268 189 185 235 290 270
  161 290]] 
Fitness: [12311 12308 12282 12283 12342 12345 12300 12307 12319 12306 12311 12314
 12305 12327 12319 12326 12307 12305 12284 12307] 
Iteration: 8 
Particle positions: [[197 243 169 290 130 243 146 219 203 225 116 144 202 268 290 213 201 237
  290 290]] 
Fitness: [12340 12337 12294 12307 12267 12336 12302 12317 12347 12321 12229 12299
 12346 12304 12307 12314 12345 12330 12307 12306] 
Iteration: 9 
Particle positions: [[253 176 264 226 109 226 273 167 200 157 234 123 157 245 290 184 144 238
  290 274]] 
Fitness: [12346 12300 12305 12320 12212 12320 12305 12291 12344 12277 12326 12249
 12279 12338 12307 12317 12299 12331 12307 12304] 
Iteration: 10 
Particle positions: [[280 178 211 137 290 205 290 227 217 168 290 258 237 176 290 209 190 276
  244 168]] 
Fitness: [12300 12304 12313 12284 12307 12350 12308 12320 12317 12292 12306 12348
 12329 12300 12307 12354 12329 12303 12338 12292] 
Iteration: 11 
Particle positions: [[216 290 197 210 282 192 284 263 200 290 116 290 228 217 205 231 251 261
  181 248]] 
Fitness: [12317 12307 12340 12355 12300 12332 12303 12305 12344 12307 12229 12307
 12321 12317 12350 12321 12344 12349 12311 12342] 
Iteration: 12 
Particle positions: [[185 290 202 267 201 214 171 190 203 290 190 261 164 226 138 192 244 245
  267 290]] 
Fitness: [12319 12307 12347 12305 12344 12315 12296 12329 12348 12307 12329 12349
 12287 12320 12285 12332 12338 12338 12306 12307] 
Iteration: 13 
Particle positions: [[233 196 218 265 151 207 290 176 222 136 274 206 199 192 240 191 175 237
  290 290]] 
Fitness: [12323 12338 12317 12305 12268 12352 12307 12300 12319 12281 12304 12351
 12342 12332 12334 12331     0 12329 12307 12307] 
Iteration: 14 
Particle positions: [[290 135 202 106 251 204 288 210 220 290 149 167 251 202 268 258 189 233
  108  98]] 
Fitness: [12307 12279 12346 12205 12344 12348 12306 12355 12318 12307 12308 12291
 12344 12347 12305 12348 12326 12323 12209 12189] 
Iteration: 15 
Particle positions: [[220 164 197 227 290 207 224 235 192 273 103 236 250 235 136 188 238 256
  290  43]] 
Fitness: [12319 12287 12340 12321 12307 12352 12320 12327 12332 12304 12200 12328
 12343 12326 12281 12325 12330 12347 12307 12060] 
Iteration: 16 
Particle positions: [[225 290 215 290  79 213 166 180 214 126 268 208  94 231 133 165 235 234
  290 290]] 
Fitness: [12321 12307 12316 12307 12182 12314 12290 12310 12314 12257 12305 12353
 12177 12322 12275 12289 12326     0 12307 12307] 
Iteration: 17 
Particle positions: [[225 290 214 190  96 211 222 210 223 228 290 188 106 177 277 273 180 242
  170 290]] 
Fitness: [12320 12306 12315 12328 12183 12312 12320 12355 12320 12321 12307 12325
 12206 12302 12303 12305 12310 12335 12294 12308] 
Iteration: 18 
Particle positions: [[274 200 189 156 214 201 248 232 204 290 -18 209 199 188 266 206 183 234
  235 290]] 
Fitness: [12304 12344 12326 12277 12315 12345 12340 12322 12349 12307 11870 12354
 12342 12325 12306 12351 12315 12325 12326 12307] 
Iteration: 19 
Particle positions: [[208 153 210 198 280 213 221 167 202 273  53 226 287 257  56 166 243 219
  289 267]] 
Fitness: [12353 12271 12356 12342 12300 12314 12319 12292 12347 12304 12097 12321
 12305 12348 12109 12290 12337 12318 12306 12305] 
Iteration: 20 
Particle positions: [[163 242 225 254 208 211 237 272 204 148 290 221 236 290 117 278 181 240
  282 134]] 
Fitness: [12286 12335 12321 12347 12353 12312 12329 12304 12349 12306 12306 12319
 12327 12307 12233 12302 12311 12333 12300 12276] 
Iteration: 21 
Particle positions: [[208 211 204 156 158 200 216 225 212 143 290 212 159 112 290 165 175 265
  201 290]] 
Fitness: [12353 12313 12349 12276 12279 12343 12316 12321 12313 12296 12307 12313
 12281 12218 12306 12289 12300 12305 12345 12307] 
Iteration: 22 
Particle positions: [[241 187 195 162 207 210 205 171 207 264 146 199 207 234 289 131 213 257
  155 290]] 
Fitness: [12335 12323 12337 12285 12352 12355 12350 12295 12352 12305 12303 12343
 12352 12324 12305 12269 12314 12348 12274 12307] 
Iteration: 23 
Particle positions: [[201 211 246 252 244 217 205 169 207 279 148 213 245 261 133 219 231 181
  242 163]] 
Fitness: [12345 12312 12340 12345 12338 12317 12350 12293 12353 12301 12306 12314
 12338 12349 12274 12318 12321 12312 12335 12286] 
Iteration: 24 
Particle positions: [[188 212 192 193 207 211 215 249 207 131 178 219 142 112 108 266 178 231
  282 273]] 
Fitness: [12325 12313 12331 12334 12352 12313 12316 12343 12352 12270 12305 12318
 12294 12217 12209 12306 12304 12321 12301 12304] 
Iteration: 25 
Particle positions: [[197 190 198 211 188 204 207 234 209 260 266 212 203 268 290 170 185 247
  195 290]] 
Fitness: [12340 12329 12342 12312 12325 12349 12352 12324 12355 12348 12305 12313
 12348 12306 12307 12295 12319 12341 12336 12307] 
Iteration: 26 
Particle positions: [[234 221 224 221 201 216 202 142 210 259 241 201 251 290 290 254 212 205
  160 148]] 
Fitness: [    0 12319 12319 12319 12346 12316 12347 12294 12355 12348 12335 12345
 12345 12307 12307 12346 12313 12350 12282 12306] 
Iteration: 27 
Particle positions: [[218 232 230 214 233 212 202 290 209 235 199 210 252 205 234 234 218 182
  218 267]] 
Fitness: [12318 12322 12321 12315 12323 12313 12347 12307 12355 12326 12343 12355
 12345 12351     0     0 12318 12313 12317 12306] 
Iteration: 28 
Particle positions: [[193 208 160 201 236 203 208 233 210 259 191 215 186 163 161 168 186 241
  220 264]] 
Fitness: [12334     0 12282 12345 12329 12348 12354 12324 12355 12349 12330 12315
 12321 12286 12284 12292 12321 12334 12318 12306] 
Iteration: 29 
Particle positions: [[230 181 180 209 176 211 212 150 209 236 199 209 186 281 174 248 208 217
  193 220]] 
Fitness: [12321 12312 12309 12355 12301 12312 12313 12309 12355 12328 12343 12355
 12322 12300 12298 12342 12353 12316 12333 12319] 
Iteration: 30 
Particle positions: [[204 221 286 217 194 214 212 185 210 181 217 205 254 178 205 250 224 169
  211 197]] 
Fitness: [12349 12319 12304 12317 12335 12315 12313 12319 12355 12311 12316 12350
 12346 12305 12351 12343 12320 12294 12312 12339] 
Iteration: 31 
Particle positions: [[196 185 148 216 239 207 204 274 209 282 196 213 166 156 228 160 193 234
  201 243]] 
Fitness: [12339 12319 12307 12316 12332 12353 12350 12304 12354 12301 12338 12315
 12290 12276 12321 12282 12333     0 12344 12337] 
Iteration: 32 
Particle positions: [[214 216 123 207 203 205 203 200 209 213 203 210 229 288 211 177 180 207
  206 288]] 
Fitness: [12315 12317 12249 12352 12348 12350 12348 12344 12354 12314 12347 12355
 12321 12305 12312 12303 12310 12352 12351 12306] 
Iteration: 33 
Particle positions: [[210 200 290 208 185 209 209 176 209 177 220 208 246 115 191 269 261 197
  215 290]] 
Fitness: [12355 12344 12308     0 12319 12353 12354 12300 12354 12302 12319 12353
 12340 12227 12330 12305 12349 12340 12316 12308] 
Iteration: 34 
Particle positions: [[207 198 234 212 226 214 213 267 210 290 208 210 176  99 237 223 191 202
  209 261]] 
Fitness: [12352 12341     0 12313 12321 12315 12314 12305 12356 12307 12353 12355
 12301 12191 12329 12319 12330 12347 12353 12349] 
Iteration: 35 
Particle positions: [[210 213 123 208 230 205 209 146 210 215 201 211 205 290 258 168 177 208
  207 166]] 
Fitness: [12355 12314 12249 12354 12321 12350 12354 12302 12355 12315 12345 12312
 12350 12307 12348 12293 12303     0 12353 12290] 
Iteration: 36 
Particle positions: [[211 204 172 209 173 211 207 269 210 250 221 209 225 275 145 218 200 211
  208 280]] 
Fitness: [12312 12349 12297 12354 12298 12313 12352 12306 12355 12343 12319 12354
 12321 12303 12300 12318 12344 12312 12353 12301] 
Iteration: 37 
Particle positions: [[208 203 275 212 228 212 208 271 210 257 204 211 199  55 190 223 231 210
  213 208]] 
Fitness: [12353 12347 12303 12313 12321 12314 12353 12305 12355 12348 12349 12312
 12342 12105 12329 12320 12321 12355 12314 12353] 
Iteration: 38 
Particle positions: [[208 215 237 210 213 209 211 182 210 201 199 210 217 128 248 197 236 209
  207 171]] 
Fitness: [12353 12316 12329 12355 12314 12354 12312 12313 12355 12345 12343 12355
 12317 12262 12342 12340 12328 12354 12353 12296] 
Iteration: 39 
Particle positions: [[210 198 128 209 202 211 208 162 210 284 220 209 199 290 147 217 196 211
  210 196]] 
Fitness: [12356 12342 12262 12355 12346 12313 12353 12285 12356 12303 12319 12355
 12342 12307 12304 12317 12339 12312 12355 12338] 
Iteration: 40 
Particle positions: [[211 206 193 210 209 211 210 290 210 165 205 211 215 172 208 208 213 210
  211 233]] 
Fitness: [12313 12351 12333 12355 12354 12313 12355 12307 12355 12289 12350 12312
 12316 12297 12353 12354 12314 12355 12312 12324] 
Iteration: 41 
Particle positions: [[210 214 276 210 213 210 211 231 210 246 210 211 214 218 240 204 208 209
  210 231]] 
Fitness: [12355 12315 12303 12355 12314 12356 12312 12321 12355 12339 12355 12312
 12316 12317 12333 12348 12353 12354 12356 12321] 
Iteration: 42 
Particle positions: [[209 204 249 210 208 209 209 167 210 276 212 208 208 234 210 210 209 210
  209 147]] 
Fitness: [12354 12349 12342 12356     0 12354 12354 12292 12356 12303 12313 12353
 12353     0 12355 12355 12354 12355 12355 12304] 
Iteration: 43 
Particle positions: [[211 205 197 210 206 211 209 235 210 179 208 212 208 168 195 213 209 210
  209 186]] 
Fitness: [12312 12350 12340 12356 12352 12312 12354 12325 12355 12307 12354 12313
 12353 12293 12337 12314 12354 12355 12355 12322] 
Iteration: 44 
Particle positions: [[208 211 198 210 211 208 211 191 210 191 210 211 208 212 229 207 209 210
  211 260]] 
Fitness: [12353 12312 12342 12356 12312 12353 12312 12330 12355 12330 12355 12313
 12353 12313 12321 12352 12354 12355 12312 12349] 
Iteration: 45 
Particle positions: [[212 206 223 210 210 210 209 199 210 290 211 207 209 228 184 210 210 210
  210 165]] 
Fitness: [12313 12350 12320 12355 12355 12355 12354 12343 12355 12307 12313 12352
 12354 12321 12317 12356 12355 12355 12355 12289] 
Iteration: 46 
Particle positions: [[209 208 223 210 209 211 209 238 210 266 211 210 210 186 245 211 210 210
  209 187]] 
Fitness: [12354 12354 12320 12355 12355 12312 12354 12330 12355 12305 12313 12355
 12355 12321 12339 12313 12356 12356 12353 12323] 
Iteration: 47 
Particle positions: [[209 210 195 210 211 208 211 216 210 216 209 211 210 239 173 210 210 210
  211 215]] 
Fitness: [12354 12355 12337 12356 12312     0 12312 12316 12355 12315 12355 12312
 12355 12332 12297 12355 12356 12355 12312 12315] 
Iteration: 48 
Particle positions: [[212 211 228 210 210 212 210 203 210 253 210 208 210 196 197 209 210 210
  210 218]] 
Fitness: [12313 12312 12321 12355 12355 12313 12355 12348 12355 12345 12355 12353
 12356 12338 12340 12354 12356 12356 12355 12317] 
Iteration: 49 
Particle positions: [[207 210 203 210 209 209 209 205 210 262 210 211 210 200 232 211 210 210
  209 191]] 
Fitness: [12353 12355 12348 12356 12355 12354 12355 12350 12355 12349 12355 12312
 12355 12344 12322 12312 12355 12354 12354 12331] 
Object: 1 
Iteration: 0 
Particle positions: [[ 130   43  212  129 -173 -212 -217 -289  139 -236 -251   71   98  -42
   223 -131  139 -274   72 -212]] 
Fitness: [12489 12367 12409 12487 11244 10912 10866 10081 12453 10665 10490 12392
 12443 12034 12396 11559 12453 10268 12393 10912] 
Iteration: 1 
Particle positions: [[130  53  74 130 290 290 290 290 125  -8 290 139 124  15 154  67 121 290
   79  18]] 
Fitness: [12488 12352 12397     0 12248 12247 12247 12247 12483 12184 12248 12453
 12482 12276 12457 12383 12479 12247 12406 12287] 
Iteration: 2 
Particle positions: [[131 107 122 129 290 290 290 290 116 290 290 187 157 180  66 290 109 290
  180 285]] 
Fitness: [12489 12458 12480 12488 12247 12247 12247 12247 12472 12248 12248 12464
 12458 12462 12382 12247 12462 12247 12463 12260] 
Iteration: 3 
Particle positions: [[131 167 165 130 290 290 290 290 139 290 178 133 141 279 152  53 124 290
  194   4]] 
Fitness: [12488 12456 12456 12488 12247 12247 12248 12247 12453 12248 12462 12491
 12454 12275 12458 12352 12482 12247 12463 12233] 
Iteration: 4 
Particle positions: [[ 131   59   91  136  141  259  290  290  146  290   13   86  121  131
   225 -124  150  290  115  -42]] 
Fitness: [12489 12366 12428 12452 12455 12357 12248 12247 12455 12248 12268 12416
 12479 12489 12394 11606     0 12248 12472 12034] 
Iteration: 5 
Particle positions: [[133 109  61 139   7  30 193 101 114 284 211 165 125   7  90  86 118 227
   60 176]] 
Fitness: [12490 12461 12371 12453 12245 12328 12463 12449 12469 12263 12410 12456
 12483 12245 12426 12417 12475 12391 12368 12461] 
Iteration: 6 
Particle positions: [[134 192 184 125 177 290  77 -41 120   6 290 195 132  43  68 290 112 157
   43 290]] 
Fitness: [12491 12463 12464 12483 12462 12248 12403 12039 12478 12241 12247 12462
 12490 12367 12385 12248 12466 12458 12367 12248] 
Iteration: 7 
Particle positions: [[134 191 122 123 271 290 181   6 146 -59 -96  78 138 290 210 290 152  93
  193 124]] 
Fitness: [12492 12464 12480 12481 12293 12247 12463 12241 12456 11950 11739 12404
 12453 12247 12411 12247 12457 12432 12463 12483] 
Iteration: 8 
Particle positions: [[134 121  79 141 188 128 223 148 131 290 290 167 135 106 124  30 124  96
  151  -2]] 
Fitness: [12491 12479 12405 12454 12464 12487 12396 12456 12488 12247 12247 12456
 12451 12457 12482 12328 12482 12438 12458 12210] 
Iteration: 9 
Particle positions: [[134  83 167 136  98   5  67 256 120 290 290 176 127   8  67  -8 118 238
   48 290]] 
Fitness: [12490 12412 12456 12452 12442 12238 12383 12361 12477 12247 12247 12462
 12485 12249 12384 12183 12475 12379 12338 12247] 
Iteration: 10 
Particle positions: [[134 196 192 121 186 213 126 183 121 290  -9  44 137  15 205 272 137 217
  147 290]] 
Fitness: [12490 12463 12464 12479 12464 12408 12485 12464 12478 12247 12179 12370
 12452 12276 12457 12290 12452 12404 12457 12247] 
Iteration: 11 
Particle positions: [[134 101  60 127 230 265 182  28 147 230 133 122 137 290 224 290 142  93
  172 290]] 
Fitness: [12491 12448 12367 12485 12386 12347 12462 12321 12457 12385 12490 12480
 12452 12247 12395 12247 12455 12431 12460 12248] 
Iteration: 12 
Particle positions: [[ 134   58  197  142  174  170  168   95  153  156  247  216  129  259
   -58 -100   99   68  103 -207]] 
Fitness: [12492 12364 12462 12455 12461 12458 12458 12437 12457 12457 12371 12405
 12488 12357 11955 11761 12444 12386 12452 10956] 
Iteration: 13 
Particle positions: [[ 134  139  235  117  128   12   42  290  126   74  185    6  130  122
    34 -152   98  201  106 -122]] 
Fitness: [12491 12453 12381 12474 12486 12265 12364 12247 12484 12397 12463 12242
     0 12480 12341 11407 12443 12459 12458 11620] 
Iteration: 14 
Particle positions: [[134 190 -59 127 101 174 228 114 109 139  80 214 140  44 290 290 126 198
  162 290]] 
Fitness: [12492 12463 11949 12485 12447 12460 12389 12470 12463 12453 12407 12407
 12454 12369 12248 12247 12484 12461 12457 12248] 
Iteration: 15 
Particle positions: [[134  69  59 151 121 199  88  19 114 205 100 144 132 158 290 290 163 195
  147 290]] 
Fitness: [12491 12387 12365     0 12479 12461 12421 12291 12470 12457 12446 12455
 12490 12457 12247 12247 12456 12463 12457 12248] 
Iteration: 16 
Particle positions: [[ 134  166  290  123  148   90   83  115  150  134  193   69  128  208
  -169   17   65  192  118   97]] 
Fitness: [12490 12456 12247 12480 12456 12426 12412 12471 12456 12491 12463 12387
 12486 12413 11276 12283 12379 12462 12475 12441] 
Iteration: 17 
Particle positions: [[ 134  150  234  112  147   74   85  192  152   81  129   60  137  114
  -291   26   24  139  120  -31]] 
Fitness: [12492 12456 12381 12465 12456 12398 12415 12463 12458 12409 12487 12368
 12452 12470 10057 12316 12308 12453 12478 12084] 
Iteration: 18 
Particle positions: [[134  78  17 164 113 179 203  51  90  71  96 114 135  89 290 149  19 117
  135 158]] 
Fitness: [12490 12404 12283 12456 12468 12462 12459 12346 12426 12391 12439 12469
 12450 12424 12247 12457 12290 12473 12450 12457] 
Iteration: 19 
Particle positions: [[134 115 -19 121 133 171 156 114  83 209 155 167 130 130 290 216  77 130
  140 232]] 
Fitness: [12491 12471 12135 12479 12491 12459 12457 12470 12413 12412 12457 12457
     0 12487 12248 12404 12403     0 12453 12382] 
Iteration: 20 
Particle positions: [[134 143 225 110 148  82  74 179 222 157 172 191 134 160 253 122 201 138
  115 148]] 
Fitness: [12491 12455 12394 12464 12457 12411 12397 12463 12398 12457 12459 12463
 12491 12457 12366 12480 12460 12452 12471 12457] 
Iteration: 21 
Particle positions: [[ 134  113  195  135  130  136  126  141   32   50  151   41  137  140
  -233   63  178  109  122   48]] 
Fitness: [12491 12468 12462 12451     0 12451 12484 12453 12335 12344     0 12361
 12452 12454 10700 12375 12463 12461 12480 12338] 
Iteration: 22 
Particle positions: [[134 124  -2 139 127 158 164  90 120 273  96 119 134 117   5 192 106 123
  143 146]] 
Fitness: [12492 12483 12209 12453 12485 12458 12456 12425 12478 12288 12438 12476
 12491 12473 12238 12463 12457 12481 12455 12456] 
Iteration: 23 
Particle positions: [[ 134  151  251  117  146  165  143   89  203 -115  184  216  132  139
   290  211  100  142  115  162]] 
Fitness: [12491     0 12367 12473 12456 12456 12455 12423 12458 11666 12464 12405
 12490 12453 12247 12410 12446 12455 12471 12457] 
Iteration: 24 
Particle positions: [[134 138 186 117 132 129  94 129  58 104 133 135 133 149 185 119 145 120
  129 107]] 
Fitness: [12491 12452 12464 12473 12489 12486 12433 12488 12363 12454 12490 12450
 12490 12457 12462 12476 12455 12478 12488 12458] 
Iteration: 25 
Particle positions: [[134 114 -45 149 126 114 139 165 243 290 100  80 134 131 -16  62 133 130
  141 131]] 
Fitness: [12491 12470 12019 12456 12485 12470 12453 12457 12375 12248 12446 12407
 12492 12489 12148 12372 12490     0 12454 12488] 
Iteration: 26 
Particle positions: [[134 119  27 148 129 146 145 172 127 146 131 153 134 124 160 221 127 129
  129 152]] 
Fitness: [12492 12477 12318 12457 12487 12456 12455 12460 12485 12456 12489 12457
 12491 12481 12457 12398 12486 12488 12487 12457] 
Iteration: 27 
Particle positions: [[134 136 290 121 139 141 119  93  62  35 156 154 134 128 236 130 134 134
  130 134]] 
Fitness: [12491 12451 12247 12479 12452 12454 12476 12433 12373 12343 12457 12458
 12492 12486 12379     0 12490 12491     0 12492] 
Iteration: 28 
Particle positions: [[134 137 290 135 130 113 129 133 260 105 126 140 134 133 215  67 138 137
  132 123]] 
Fitness: [12491 12451 12247 12451     0 12468 12488 12491 12355 12455 12484 12454
 12491 12491 12406 12383 12453 12452 12490 12481] 
Iteration: 29 
Particle positions: [[134 128 103 132 128 102 140 158 155 220 121 123 134 137 163 195 129 132
  133 147]] 
Fitness: [12492 12487 12452 12490 12486 12450 12454 12457 12457 12401 12479 12481
 12491 12452 12457 12463 12487 12490 12490 12456] 
Iteration: 30 
Particle positions: [[134 125  10 134 136 191 133 127  53 167 158 136 134 131  29 133 135 132
  133 132]] 
Fitness: [12491 12482 12257 12492 12451 12463 12491 12485 12352 12456 12457 12452
 12491 12488 12324 12490 12450 12490 12491 12489] 
Iteration: 31 
Particle positions: [[134 141 178 135 136 202 129 113  59  51  91 139 134 132 164  96 133 136
  133 126]] 
Fitness: [12491 12454 12462 12451 12451 12459 12487 12467 12365 12346 12427 12453
 12491 12489 12456 12438 12490 12451 12490 12484] 
Iteration: 32 
Particle positions: [[134 123 116 133 131  33 134 171 103 126 130 131 134 133 134 195 132 138
  134 133]] 
Fitness: [12491 12481 12473 12490 12489 12337 12490 12460 12452 12485     0 12489
 12492 12490 12491 12462 12489 12453 12491 12490] 
Iteration: 33 
Particle positions: [[134 122 120 134 130 220 136  96 174 187 160 129 134 135 116 132 133 137
  134 140]] 
Fitness: [12491 12480 12477 12492     0 12400 12451 12438 12461 12463 12457 12487
 12491 12450 12472 12489 12490 12452 12491 12453] 
Iteration: 34 
Particle positions: [[134 144 138 134 131  14 130 143 197  92 171 135 134 133 133  98 135 133
  134 128]] 
Fitness: [12492 12455 12452 12491 12489 12273     0 12454 12462 12430 12460 12451
 12491 12490 12491 12441 12451 12491 12491 12487] 
Iteration: 35 
Particle positions: [[134 125 136 134 132 223 132 135 -13 104 173 136 134 132 142  98 133 133
  133 135]] 
Fitness: [12491 12483 12451 12491 12489 12397 12490 12450 12162 12454 12460 12451
 12491 12489 12454 12442 12490 12490 12491 12450] 
Iteration: 36 
Particle positions: [[134 122 118 134 135 121 138 130 274 189  85 132 134 135 119 135 132 135
  133 137]] 
Fitness: [12491 12480 12475 12491 12451 12479 12453 12488 12287 12464 12416 12489
 12492 12451 12475 12451 12489 12451 12490 12452] 
Iteration: 37 
Particle positions: [[134 132 129 134 133  92 124 132 166 172 164 131 134 132 133 152 134 134
  134 128]] 
Fitness: [12491 12490 12487 12492 12491 12430 12482 12489 12457 12459 12456 12489
 12491 12489 12490 12458 12491 12491 12492 12486] 
Iteration: 38 
Particle positions: [[134 138 137 134 134  93 127 136  24 125 164 135 134 134 141 128 135 133
  134 128]] 
Fitness: [12491 12453 12452 12491 12491 12432 12486 12451 12308 12483 12456 12450
 12492 12491 12454 12486 12451 12490 12491 12486] 
Iteration: 39 
Particle positions: [[134 133 139 134 134 200 145 132 268 123  56 132 134 133 139 128 133 133
  134 136]] 
Fitness: [12491 12490 12452 12491 12491 12461 12455 12490 12342 12481 12359 12490
 12491 12490 12452 12487 12490 12490 12491 12451] 
Iteration: 40 
Particle positions: [[134 129 118 134 133 140 131 133 -29 136 228 132 134 134 131 135 133 134
  134 134]] 
Fitness: [12492 12486 12474 12491 12491 12453 12489 12490 12093 12451 12389 12490
 12491 12492 12489 12450 12490 12492 12491 12491] 
Iteration: 41 
Particle positions: [[134 131 138 134 132  92 125 134 149 138  -6 134 134 134 130 134 134 134
  134 133]] 
Fitness: [12492 12489 12453 12491 12490 12429 12484 12491 12457 12453 12192 12491
 12491 12492     0 12491 12492 12491 12491 12490] 
Iteration: 42 
Particle positions: [[134 135 139 134 136  92 136 133 203 132 290 133 134 134 140 133 134 134
  134 133]] 
Fitness: [12491 12450 12453 12491 12451 12430 12451 12490 12458 12490 12247 12491
 12491 12491 12453 12490 12492 12491 12492 12491] 
Iteration: 43 
Particle positions: [[134 134 130 134 133 120 135 133  72 132 255 134 134 134 133 134 134 134
  134 135]] 
Fitness: [12490 12491     0 12491 12490 12477 12451 12491 12393 12490 12362 12491
 12491 12492 12490 12490 12491 12491 12491 12450] 
Iteration: 44 
Particle positions: [[134 133 130 134 132 142 129 133 129 136  27 133 134 134 132 134 134 134
  134 135]] 
Fitness: [12491 12491     0 12491 12489 12455 12487 12491 12487 12451 12317 12491
 12492 12490 12489 12491 12491 12491 12491 12451] 
Iteration: 45 
Particle positions: [[134 134 128 134 134 138 137 133 158 137 225 134 134 134 136 134 134 134
  134 132]] 
Fitness: [12491 12490 12486 12491 12491 12452 12451 12490 12457 12452 12393 12490
 12491 12491 12451 12491 12491 12490 12491 12489] 
Iteration: 46 
Particle positions: [[134 134 129 134 134 121 138 134 125 130  83 133 134 134 134 134 134 134
  134 135]] 
Fitness: [12491 12491 12487 12491 12491 12479 12452 12491 12483     0 12413 12491
 12491 12491 12490 12491 12491 12491 12491 12450] 
Iteration: 47 
Particle positions: [[134 134 133 134 132 126 130 132 128 134 118 134 134 134 133 134 134 134
  134 135]] 
Fitness: [12492 12491 12491 12492 12489 12484     0 12490 12486 12491 12474 12491
 12491 12491 12491 12490 12491 12491 12490 12450] 
Iteration: 48 
Particle positions: [[134 134 136 134 133 139 128 135 138 135 158 133 134 134 135 134 134 134
  134 133]] 
Fitness: [12491 12491 12451 12491 12491 12452 12486 12450 12452 12450 12457 12490
 12491 12491 12451 12491 12491 12491 12491 12490] 
Iteration: 49 
Particle positions: [[134 134 131 134 134 129 134 134 137 132 135 133 134 134 133 134 134 134
  134 133]] 
Fitness: [12492 12491 12489 12491 12491 12487 12490 12491 12452 12489 12450 12491
 12491 12491 12490 12492 12491 12491 12491 12490] 
Object: 2 
Iteration: 0 
Particle positions: [[-132  -46  156 -119    0 -255   49  105   20   43  157  100    1 -108
   124 -227  140   99 -157 -248]] 
Fitness: [11507 12235 12755 11640 12452  9792 12643 12728 12536 12622 12754 12721
 12456 11745 12740 10279 12750 12720 11230  9934] 
Iteration: 1 
Particle positions: [[ 194   -3  156  -65   94 -168   54  181  224  251  157  187  172  214
   140  290  165  153  186  290]] 
Fitness: [12684 12438 12754 12102 12713 11091 12658 12701 12634 12574 12755 12694
 12749 12649 12751 12406 12753 12755 12695 12406] 
Iteration: 2 
Particle positions: [[290 290 156  22 235 290 161 100 290  67 155 258 290 290 169 290 171 205
  290 290]] 
Fitness: [12406 12406 12755 12543 12613 12405 12754 12722 12407 12696 12755 12512
 12405 12405 12751 12406 12749 12664 12407 12405] 
Iteration: 3 
Particle positions: [[213 290 156 266 108 290 252  69 114  38 156 -28  89 290 142 290 148 134
  290 290]] 
Fitness: [12651 12406 12753 12487 12730 12406 12572 12701 12735 12605 12755 12305
 12704 12404 12752 12405 12754 12747 12405 12405] 
Iteration: 4 
Particle positions: [[  53 -300  157   -6   21  290   33  222   42   42  159  106   -9   68
   140  290  144  117   35  290]] 
Fitness: [12655  8795 12754 12424 12539 12406 12585 12637 12619 12619 12754 12728
 12407 12699 12751 12404 12752 12737 12592 12405] 
Iteration: 5 
Particle positions: [[ 232 -300  157   20  129   93   35  169  214  233  159  290  290   11
   167  136  168  201  109  290]] 
Fitness: [12619  8795 12754 12535 12742 12712 12593 12750 12650 12618 12754 12406
 12406 12500 12752 12748 12751 12672 12730 12405] 
Iteration: 6 
Particle positions: [[290 290 156  83 268 -56 229 115 238 290 154  80 290  23 174  16 137 135
  239 290]] 
Fitness: [12405 12406 12754 12732 12479 12167 12625 12737 12607 12405 12754 12726
 12406 12547 12748 12520 12749 12746 12605 12406] 
Iteration: 7 
Particle positions: [[161 290 156 231 116 114 288 137  71  79 160 -53  94 290 173 192 158 109
  222  71]] 
Fitness: [12753 12405 12755 12621 12736 12735 12412 12748 12706 12724 12754 12188
 12712 12405 12746 12687 12754 12730 12638 12706] 
Iteration: 8 
Particle positions: [[ 50 -75 156 223  22 277 114 184 -45 -26 159 290 176 163 127 227 172 196
  136 -83]] 
Fitness: [12647 12027 12754 12636 12543 12446 12735 12698 12242 12316 12754 12406
 12746 12754 12740 12630 12748 12680 12748 11962] 
Iteration: 9 
Particle positions: [[290  33 157 -37 290 215 141 194 201 259 154  67 207  51 137  64 171 257
   75 110]] 
Fitness: [12405 12585 12756 12292 12405 12648 12751 12684 12673 12509 12755 12696
 12660 12650 12749 12688 12748 12515 12716 12731] 
Iteration: 10 
Particle positions: [[290 261 157 276 206  89 203 100 290 136 155 -40 114  93 156 104 128 222
  117 290]] 
Fitness: [12406 12502 12755 12450 12663 12705 12667 12721 12406 12748 12755 12273
 12735 12711 12755 12726 12741 12638 12736 12406] 
Iteration: 11 
Particle positions: [[ 142 -199  157  114   17    2  159  104  -87   42  160  138  163  285
   172  276  128  169  212  290]] 
Fitness: [12752 10691 12755 12735 12526 12461 12754 12726 11930 12619 12755 12750
 12754 12421 12748     0 12742 12751 12652 12407] 
Iteration: 12 
Particle positions: [[  42 -300  157   60  195  290  123  182   81  159  158  290  190  124
   143   48  159  110  278  -87]] 
Fitness: [12619  8795 12755 12676 12683 12405 12739 12700 12728 12754 12755 12406
 12690 12740 12752 12640 12754 12732 12441 11930] 
Iteration: 13 
Particle positions: [[148 270 157 268 290 290 147 218 245 248 155  82 173  46 166 -98 179 115
  160   2]] 
Fitness: [12755 12473 12755 12479 12406 12406 12755 12644 12590 12581 12755 12731
 12749 12633 12751 11837 12703 12736 12755 12460] 
Iteration: 14 
Particle positions: [[233 290 157  41 124 177 174 175  31  83 153  81 144 215 162 241 125 220
   64 255]] 
Fitness: [12618 12405 12754 12615 12739 12744 12747 12746 12578 12732 12755 12728
 12752 12649 12753 12600 12740 12642 12687 12521] 
Iteration: 15 
Particle positions: [[148 195 157 129   2  57 146 129 245 221 160 203 143 290 156 290 144 159
  250 169]] 
Fitness: [12753 12681 12755 12742 12461 12668 12754 12741 12590 12639 12753 12668
 12752 12406 12755 12406 12752 12754 12577 12751] 
Iteration: 16 
Particle positions: [[ 97 119 157 226 149 141 135 163 142 146 158 206 152 -39 152   6 182  99
  290  92]] 
Fitness: [12717 12737 12755 12630 12754 12752 12748 12753 12751 12753 12755 12662
 12755 12281 12754 12479 12701 12720 12406 12709] 
Iteration: 17 
Particle positions: [[179  83 157 124 273 214 187 187  67 109 154  92 164 223 159 152 176 197
  105 228]] 
Fitness: [12703 12732 12755 12740 12461 12649 12694 12694 12697 12731 12755 12709
 12753 12636 12754 12754 12744 12678 12728 12627] 
Iteration: 18 
Particle positions: [[202 138 157 115  51  80 162 129 171 136 154 186 143 287 160 260  92 190
   82 166]] 
Fitness: [12671 12750 12754 12736 12651 12726 12753 12742 12748 12748 12754 12695
 12751 12415 12755 12506 12710 12690 12730 12753] 
Iteration: 19 
Particle positions: [[ 96 214 157 144 170 189 124 172 226 168 160 150 140 216 152  76 178 136
  260 120]] 
Fitness: [12716 12650 12755 12753 12750 12692 12740 12748 12631 12751 12755 12754
 12750 12647 12754 12717 12705 12748 12506 12739] 
Iteration: 20 
Particle positions: [[115 185 157 175 212 161 162 187 151 183 156 131 168   8 154  86 211 131
   93 148]] 
Fitness: [12736 12696 12754 12745 12652 12754 12753 12694 12754 12699 12755 12743
 12751 12488 12754 12738 12653 12743 12712 12754] 
Iteration: 21 
Particle positions: [[198 125 157 139 125 138 151 168 100 117 154 179 157 161 162 256 173 186
  137 178]] 
Fitness: [12678 12740 12754 12751 12740 12749 12755 12751 12721 12737 12755 12703
 12754 12754 12754 12519 12748 12695 12749 12705] 
Iteration: 22 
Particle positions: [[151 149 157 131 120 136 139 131 173 188 159 156 147 263 163  33 112 194
  193 142]] 
Fitness: [12755 12754 12755 12744 12739 12748 12750 12744 12748 12694 12754 12755
 12753 12496 12754 12586     0 12684 12685 12751] 
Iteration: 23 
Particle positions: [[126 177 157 146 185 180 170 151 178 188 160 142 159  61 146 224 130 140
  160 135]] 
Fitness: [12740 12745 12755 12752 12697 12703 12748 12754 12705 12692 12754 12752
 12755 12679 12754 12634 12742 12751 12753 12747] 
Iteration: 24 
Particle positions: [[131 130 157 161 200 175 133 169 112 105 156 160 162 154 160 203 198 154
  136 146]] 
Fitness: [12743 12743 12755 12754 12674 12746 12744 12751 12734 12727 12754 12754
 12753 12754 12754 12668 12677 12754 12749 12754] 
Iteration: 25 
Particle positions: [[153 131 157 163  79 133 135 164  79 168 155 165 142 231 162  88 148 165
  143 171]] 
Fitness: [12754 12745 12755 12752 12724 12746 12748 12753 12724 12751 12755 12752
 12753 12622 12753 12742 12754 12752 12753 12749] 
Iteration: 26 
Particle positions: [[159 186 157 152 144 180 197 145 207 192 162 151 155  83 145 159 132 156
  170 149]] 
Fitness: [12754 12696 12755 12755 12753 12703 12679 12752 12660 12688 12753 12755
 12755 12732 12754 12755 12745 12755 12750 12754] 
Iteration: 27 
Particle positions: [[150 182 157 154 195 183 182 144 237 156 155 145 160  94 153 203 143 149
  163 135]] 
Fitness: [12755 12700 12754 12755 12683 12699 12701 12753 12609 12755 12755 12753
 12754 12713 12754 12668 12752 12754 12754 12747] 
Iteration: 28 
Particle positions: [[146 128 157 156 144 146 114 169 217 134 154 169 145 223 160 155 170 151
  152 173]] 
Fitness: [12752 12741 12755 12755 12753 12753 12735 12750 12645 12746 12754 12749
 12753 12636 12754 12754 12750 12755 12755 12748] 
Iteration: 29 
Particle positions: [[157 136 157 155 125 151 171 176  58 156 159 169 156 265 159 130 124 156
  158 139]] 
Fitness: [12754 12748 12756 12755 12741 12754 12749 12745 12670 12754 12755 12751
 12755 12489 12754 12742 12739 12754 12754 12750] 
Iteration: 30 
Particle positions: [[156 155 157 152 138 181 182 127 143 170 158 151 158 106 157 194 197 159
  162 165]] 
Fitness: [12754 12754 12754 12754 12749 12701 12700 12740 12752 12749 12754 12754
 12755 12727 12754 12684 12679 12755 12754 12752] 
Iteration: 31 
Particle positions: [[147 155 157 154 192 160 112 152 225 153 155 148 150 190 155 165 142 145
  153 159]] 
Fitness: [12754 12755 12754 12755 12688 12754     0 12755 12632 12754 12755 12754
 12754 12691 12755 12752 12751 12752 12754 12754] 
Iteration: 32 
Particle positions: [[153 155 157 155 153 145 166 167  74 146 156 163 160 164 158 134 132 168
  153 132]] 
Fitness: [12755 12755 12755 12754 12754 12753 12753 12752 12713 12754 12753 12752
 12754 12753 12754 12747 12745 12751 12754 12745] 
Iteration: 33 
Particle positions: [[163 156 157 156 126 188 169 164 222 176 157 167 158 136 158 141 158 148
  164 158]] 
Fitness: [12753 12754 12754 12754 12739 12692 12751 12753 12637 12745 12755 12751
 12755 12748 12754 12751 12754 12754 12752 12755] 
Iteration: 34 
Particle positions: [[144 157 157 149 127 143 130 150 114 163 157 148 155 159 156 170 171 145
  156 171]] 
Fitness: [12752 12754 12755 12754 12740 12753 12742 12754 12736 12754 12755 12753
 12755 12754 12755 12749 12749 12753 12755 12750] 
Iteration: 35 
Particle positions: [[141 156 157 164 174 144 127 155 131 142 157 157 153 178 156 155 133 171
  158 131]] 
Fitness: [12751 12755 12755 12753 12747 12753 12741 12755 12743 12751 12755 12756
 12755 12705 12755 12755 12746 12749 12754 12743] 
Iteration: 36 
Particle positions: [[165 155 157 154 138 154 189 155 201 150 157 162 152 125 156 158 125 132
  160 135]] 
Fitness: [12752 12755 12755 12754 12750 12754 12691 12755 12672 12755 12755 12753
 12754 12740 12754 12753 12741 12745 12754 12747] 
Iteration: 37 
Particle positions: [[158 156 157 151 146 165  91 153 171 171 157 155 160 104 157 160 182 155
  158 209]] 
Fitness: [12755 12755 12755 12754 12754 12751 12708 12754 12749 12748 12753 12755
 12754 12726 12754 12753 12700 12755 12754 12655] 
Iteration: 38 
Particle positions: [[134 157 157 160 158 150 180 157 106 150 157 158 149 216 156 158 167 169
  160 154]] 
Fitness: [12747 12755 12754 12754 12754 12754 12704 12755 12728 12754 12755 12755
 12754 12646 12754 12754 12751 12750 12754 12754] 
Iteration: 39 
Particle positions: [[164 156 157 152 160 151 156 156 141 142 157 158 152  81 155 158 129 127
  158 135]] 
Fitness: [12754 12754 12755 12754 12754 12755 12755 12754 12752 12752 12755 12754
 12755 12728 12755 12754 12742 12740 12755 12748] 
Iteration: 40 
Particle positions: [[161 156 157 157 148 158 137 156 189 158 157 157 160 125 157 158 113 161
  155 150]] 
Fitness: [12754 12755 12754 12755 12754 12754 12748 12754 12692 12754 12755 12754
 12754 12740 12755 12755 12735 12754 12754 12755] 
Iteration: 41 
Particle positions: [[144 156 157 152 144 159 137 150 113 163 157 156 160 187 157 158 159 172
  157 177]] 
Fitness: [12753 12754 12754 12755 12752 12754 12749 12755 12734 12753 12754 12754
 12755 12694 12753 12754 12754 12748 12754 12745] 
Iteration: 42 
Particle positions: [[149 156 157 150 169 148 175 161 129 155 157 158 141 169 156 157 158 168
  162 151]] 
Fitness: [12754 12755 12754 12754 12750 12754 12747 12753 12741 12754 12755 12754
 12751 12750 12754 12754 12754 12751 12753 12754] 
Iteration: 43 
Particle positions: [[165 155 157 152 161 153 116 158 169 156 157 156 157 155 156 159 143 145
  156 152]] 
Fitness: [12753 12755 12754 12755 12754 12755 12736 12754 12751 12754 12755 12755
 12755 12754 12756 12754 12751 12753 12754 12755] 
Iteration: 44 
Particle positions: [[171 157 157 153 150 157 124 145 174 158 157 158 163 158 156 157 159 148
  159 164]] 
Fitness: [12749 12755 12755 12755 12755 12754 12741 12753 12747 12754 12754 12754
 12754 12753 12755 12755 12754 12754 12753 12753] 
Iteration: 45 
Particle positions: [[123 155 157 158 154 155 155 149 139 157 157 158 149 166 157 158 152 168
  159 154]] 
Fitness: [12739 12753 12754 12755 12755 12755 12755 12754 12750 12754 12755 12754
 12753 12751 12754 12754 12754 12750 12754 12755] 
Iteration: 46 
Particle positions: [[167 155 157 152 153 154 160 155 142 155 157 156 153 167 156 158 154 176
  157 159]] 
Fitness: [12752 12754 12755 12754 12754 12755 12754 12755 12752 12755 12754 12754
 12755 12751 12754 12755 12754 12745 12755 12754] 
Iteration: 47 
Particle positions: [[160 158 157 157 157 156 151 153 168 158 157 157 158 162 156 159 148 125
  157 158]] 
Fitness: [12755 12755 12754 12754 12755 12755 12754 12754 12751 12754 12755 12755
 12754 12754 12755 12754 12753 12740 12755 12754] 
Iteration: 48 
Particle positions: [[134 155 157 152 157 151 152 154 168 156 157 157 147 159 156 158 159 143
  159 156]] 
Fitness: [12746 12755 12754 12755 12755 12754 12755 12754 12751 12755 12754 12755
 12754 12754 12754 12753 12753 12752 12754 12755] 
Iteration: 49 
Particle positions: [[173 156 157 154 154 150 157 157 135 155 157 157 148 160 156 157 146 178
  160 158]] 
Fitness: [12748 12755 12755 12754 12754 12754 12755 12756 12747 12755 12755 12754
 12754 12755 12755 12755 12754 12705 12755 12753] 
place side object: 1 
Object: 0 
Iteration: 0 
Particle positions: [[ 119  -78 -276  255  236  247 -290 -260 -203  243   30  147   97  178
     3 -130  -88  148 -134  221]] 
Fitness: [11832 10767  9498 12306 12237 12279  9453  9626  9960 12264 11360 11913
 11720 12053 11258 10454 10706 11917 10430 12173] 
Iteration: 1 
Particle positions: [[290 290 160 255 269 257 290 141 219 252 276 240 290 269 290   4 290 183
  290 277]] 
Fitness: [12376 12376 11966 12306     0 12269 12377 11887 12168 12296 12324 12252
 12376     0 12376 11263 12376 12076 12376 12327] 
Iteration: 2 
Particle positions: [[290 290 290 266 290 290 290 290 290 285 290 290 290 269 290 290 290 290
  290 290]] 
Fitness: [12376 12376 12376 12297 12376 12376 12376 12377 12376 12357 12377 12375
 12376     0 12376 12376 12376 12376 12376 12376] 
Iteration: 3 
Particle positions: [[290 290 290 264 290 290 290 290 290 290 290 290 290 198 290 290 290 290
  290 290]] 
Fitness: [12375 12376 12376 12291 12376 12376 12376 12376 12376 12376 12376 12376
 12376 12091 12376 12376 12376 12376 12376 12376] 
Iteration: 4 
Particle positions: [[290 290 290 273 290 290 290 290 290 290 290 290 290 290 290 290 290 290
  290 290]] 
Fitness: [12376 12377 12377 12316 12377 12376 12377 12376 12376 12376 12376 12376
 12376 12377 12376 12376 12377 12377 12376 12377] 
Iteration: 5 
Particle positions: [[290 290 290 284 290 290 290 290 290 290 290 290 290 290 290 290 290 290
  290 290]] 
Fitness: [12376 12377 12376 12353 12376 12376 12376 12376 12376 12376 12377 12375
 12376 12376 12375 12376 12376 12376 12376 12376] 
Iteration: 6 
Particle positions: [[290 290 290 290 290 290 290 290 290 290 290 290 290 290 290 290 290 290
  290 290]] 
Fitness: [12376 12376 12377 12376 12376 12376 12376 12376 12376 12376 12376 12376
 12376 12376 12377 12376 12376 12376 12377 12376] 
Iteration: 7 
Particle positions: [[290 290 290 290 290 290 290 290 290 290 290 290 290 290 290 290 290 290
  290 290]] 
Fitness: [12376 12376 12375 12376 12376 12376 12376 12376 12376 12376 12376 12377
 12377 12376 12375 12376 12376 12376 12376 12376] 
Iteration: 8 
Particle positions: [[290 290 290 290 290 290 290 290 290 290 290 290 290 290 290 290 290 290
  290 290]] 
Fitness: [12376 12375 12376 12376 12376 12376 12377 12376 12376 12376 12377 12376
 12376 12376 12376 12376 12376 12375 12376 12376] 
Iteration: 9 
Particle positions: [[290 290 290 290 290 290 290 290 290 290 290 290 290 290 290 290 290 290
  290 290]] 
Fitness: [12376 12376 12376 12376 12376 12376 12376 12376 12376 12376 12376 12376
 12376 12376 12376 12377 12376 12376 12376 12376] 
Iteration: 10 
Particle positions: [[290 290 290 290 290 290 290 290 290 290 290 290 290 290 290 290 290 290
  290 290]] 
Fitness: [12376 12376 12376 12377 12376 12376 12377 12376 12377 12376 12376 12376
 12376 12375 12376 12376 12377 12376 12376 12375] 
Iteration: 11 
Particle positions: [[290 290 290 290 290 290 290 290 290 290 290 290 290 290 290 290 290 290
  290 290]] 
Fitness: [12376 12376 12377 12376 12377 12377 12377 12377 12375 12376 12377 12376
 12377 12376 12376 12376 12376 12376 12377 12377] 
Iteration: 12 
Particle positions: [[290 290 290 290 290 290 290 290 290 290 290 290 290 290 290 290 290 290
  290 290]] 
Fitness: [12376 12376 12376 12377 12376 12376 12376 12376 12377 12377 12376 12376
 12377 12376 12376 12376 12375 12376 12376 12376] 
Iteration: 13 
Particle positions: [[290 290 290 290 290 290 290 290 290 290 290 290 290 290 290 290 290 290
  290 290]] 
Fitness: [12376 12376 12377 12376 12376 12376 12376 12376 12376 12376 12376 12376
 12376 12376 12376 12376 12376 12376 12376 12376] 
Iteration: 14 
Particle positions: [[290 290 290 290 290 290 290 290 290 290 290 290 290 290 290 290 290 290
  290 290]] 
Fitness: [12376 12376 12376 12376 12376 12376 12377 12376 12376 12376 12376 12376
 12376 12376 12376 12376 12376 12376 12376 12376] 
Iteration: 15 
Particle positions: [[290 290 290 290 290 290 290 290 290 290 290 290 290 290 290 290 290 290
  290 290]] 
Fitness: [12376 12376 12376 12376 12376 12376 12376 12376 12377 12376 12376 12376
 12376 12376 12376 12376 12376 12376 12376 12376] 
Iteration: 16 
Particle positions: [[290 290 290 290 290 290 290 290 290 290 290 290 290 290 290 290 290 290
  290 290]] 
Fitness: [12376 12376 12376 12377 12376 12376 12376 12376 12376 12376 12376 12376
 12375 12376 12376 12376 12376 12376 12376 12376] 
Iteration: 17 
Particle positions: [[290 290 290 290 290 290 290 290 290 290 290 290 290 290 290 290 290 290
  290 290]] 
Fitness: [12376 12376 12376 12377 12376 12376 12376 12375 12376 12376 12376 12376
 12376 12377 12376 12376 12376 12376 12376 12376] 
Iteration: 18 
Particle positions: [[290 290 290 290 290 290 290 290 290 290 290 290 290 290 290 290 290 290
  290 290]] 
Fitness: [12375 12376 12376 12377 12376 12375 12376 12376 12376 12376 12376 12376
 12376 12376 12375 12376 12376 12376 12376 12376] 
Iteration: 19 
Particle positions: [[290 290 290 290 290 290 290 290 290 290 290 290 290 290 290 290 290 290
  290 290]] 
Fitness: [12376 12377 12376 12377 12376 12376 12376 12376 12376 12376 12376 12377
 12376 12376 12376 12376 12376 12377 12376 12376] 
Iteration: 20 
Particle positions: [[290 290 290 290 290 290 290 290 290 290 290 290 290 290 290 290 290 290
  290 290]] 
Fitness: [12376 12376 12376 12376 12376 12376 12375 12376 12376 12376 12376 12376
 12376 12376 12376 12376 12376 12377 12377 12376] 
Iteration: 21 
Particle positions: [[290 290 290 290 290 290 290 290 290 290 290 290 290 290 290 290 290 290
  290 290]] 
Fitness: [12376 12376 12377 12376 12377 12376 12377 12375 12376 12376 12375 12376
 12376 12377 12376 12376 12377 12376 12377 12377] 
Iteration: 22 
Particle positions: [[290 290 290 290 290 290 290 290 290 290 290 290 290 290 290 290 290 290
  290 290]] 
Fitness: [12376 12376 12376 12376 12376 12376 12376 12376 12377 12376 12376 12376
 12377 12376 12376 12376 12376 12376 12376 12376] 
Iteration: 23 
Particle positions: [[290 290 290 290 290 290 290 290 290 290 290 290 290 290 290 290 290 290
  290 290]] 
Fitness: [12375 12376 12376 12376 12376 12376 12376 12376 12376 12376 12376 12376
 12376 12376 12376 12376 12376 12376 12376 12375] 
Iteration: 24 
Particle positions: [[290 290 290 290 290 290 290 290 290 290 290 290 290 290 290 290 290 290
  290 290]] 
Fitness: [12376 12376 12376 12376 12376 12376 12376 12376 12376 12376 12376 12376
 12376 12376 12375 12376 12376 12376 12376 12376] 
Iteration: 25 
Particle positions: [[290 290 290 290 290 290 290 290 290 290 290 290 290 290 290 290 290 290
  290 290]] 
Fitness: [12376 12376 12376 12377 12376 12376 12376 12376 12376 12376 12376 12376
 12376 12375 12376 12376 12376 12376 12376 12376] 
Iteration: 26 
Particle positions: [[290 290 290 290 290 290 290 290 290 290 290 290 290 290 290 290 290 290
  290 290]] 
Fitness: [12376 12376 12376 12376 12376 12376 12376 12376 12376 12376 12376 12376
 12376 12376 12376 12376 12376 12376 12376 12376] 
Iteration: 27 
Particle positions: [[290 290 290 290 290 290 290 290 290 290 290 290 290 290 290 290 290 290
  290 290]] 
Fitness: [12376 12376 12376 12377 12376 12376 12376 12376 12376 12375 12376 12375
 12375 12377 12376 12376 12376 12377 12375 12376] 
Iteration: 28 
Particle positions: [[290 290 290 290 290 290 290 290 290 290 290 290 290 290 290 290 290 290
  290 290]] 
Fitness: [12376 12375 12376 12376 12376 12376 12376 12376 12376 12376 12376 12376
 12376 12375 12376 12376 12376 12376 12376 12376] 
Iteration: 29 
Particle positions: [[290 290 290 290 290 290 290 290 290 290 290 290 290 290 290 290 290 290
  290 290]] 
Fitness: [12377 12376 12376 12376 12376 12375 12376 12376 12375 12375 12376 12376
 12376 12376 12377 12376 12376 12376 12376 12376] 
Iteration: 30 
Particle positions: [[290 290 290 290 290 290 290 290 290 290 290 290 290 290 290 290 290 290
  290 290]] 
Fitness: [12376 12376 12377 12376 12376 12376 12376 12376 12376 12376 12376 12376
 12376 12376 12376 12376 12376 12376 12376 12376] 
Iteration: 31 
Particle positions: [[290 290 290 290 290 290 290 290 290 290 290 290 290 290 290 290 290 290
  290 290]] 
Fitness: [12376 12376 12376 12376 12376 12376 12376 12376 12376 12376 12376 12376
 12376 12376 12376 12375 12376 12375 12376 12376] 
Iteration: 32 
Particle positions: [[290 290 290 290 290 290 290 290 290 290 290 290 290 290 290 290 290 290
  290 290]] 
Fitness: [12376 12376 12375 12376 12376 12376 12375 12376 12376 12376 12375 12377
 12376 12376 12376 12376 12376 12376 12376 12376] 
Iteration: 33 
Particle positions: [[290 290 290 290 290 290 290 290 290 290 290 290 290 290 290 290 290 290
  290 290]] 
Fitness: [12376 12375 12376 12376 12376 12377 12376 12376 12376 12376 12377 12376
 12376 12376 12377 12376 12375 12376 12376 12376] 
Iteration: 34 
Particle positions: [[290 290 290 290 290 290 290 290 290 290 290 290 290 290 290 290 290 290
  290 290]] 
Fitness: [12376 12376 12376 12376 12376 12376 12376 12376 12376 12376 12376 12376
 12376 12376 12376 12376 12375 12376 12376 12376] 
Iteration: 35 
Particle positions: [[290 290 290 290 290 290 290 290 290 290 290 290 290 290 290 290 290 290
  290 290]] 
Fitness: [12376 12376 12375 12376 12376 12376 12376 12377 12376 12376 12377 12376
 12376 12376 12376 12376 12377 12376 12376 12376] 
Iteration: 36 
Particle positions: [[290 290 290 290 290 290 290 290 290 290 290 290 290 290 290 290 290 290
  290 290]] 
Fitness: [12376 12376 12376 12376 12375 12376 12376 12376 12376 12376 12375 12376
 12376 12376 12375 12376 12376 12376 12376 12376] 
Iteration: 37 
Particle positions: [[290 290 290 290 290 290 290 290 290 290 290 290 290 290 290 290 290 290
  290 290]] 
Fitness: [12375 12376 12375 12376 12376 12376 12376 12376 12377 12376 12376 12376
 12376 12376 12376 12376 12376 12377 12376 12376] 
Iteration: 38 
Particle positions: [[290 290 290 290 290 290 290 290 290 290 290 290 290 290 290 290 290 290
  290 290]] 
Fitness: [12376 12376 12376 12375 12376 12376 12375 12376 12377 12375 12376 12376
 12377 12376 12376 12376 12376 12376 12376 12376] 
Iteration: 39 
Particle positions: [[290 290 290 290 290 290 290 290 290 290 290 290 290 290 290 290 290 290
  290 290]] 
Fitness: [12376 12376 12376 12376 12376 12375 12376 12376 12376 12376 12376 12376
 12376 12375 12375 12376 12377 12376 12376 12377] 
Iteration: 40 
Particle positions: [[290 290 290 290 290 290 290 290 290 290 290 290 290 290 290 290 290 290
  290 290]] 
Fitness: [12375 12376 12376 12376 12376 12376 12376 12376 12376 12376 12376 12375
 12376 12376 12376 12376 12376 12376 12376 12376] 
Iteration: 41 
Particle positions: [[290 290 290 290 290 290 290 290 290 290 290 290 290 290 290 290 290 290
  290 290]] 
Fitness: [12376 12376 12376 12376 12376 12376 12377 12376 12375 12375 12377 12375
 12376 12376 12376 12376 12376 12376 12377 12376] 
Iteration: 42 
Particle positions: [[290 290 290 290 290 290 290 290 290 290 290 290 290 290 290 290 290 290
  290 290]] 
Fitness: [12376 12376 12376 12376 12376 12376 12376 12376 12375 12376 12376 12376
 12376 12376 12376 12376 12376 12376 12376 12376] 
Iteration: 43 
Particle positions: [[290 290 290 290 290 290 290 290 290 290 290 290 290 290 290 290 290 290
  290 290]] 
Fitness: [12376 12376 12375 12376 12376 12376 12377 12376 12376 12376 12376 12376
 12376 12376 12376 12376 12376 12376 12376 12376] 
Iteration: 44 
Particle positions: [[290 290 290 290 290 290 290 290 290 290 290 290 290 290 290 290 290 290
  290 290]] 
Fitness: [12376 12376 12376 12376 12376 12375 12376 12376 12377 12376 12376 12377
 12376 12376 12376 12376 12377 12376 12376 12375] 
Iteration: 45 
Particle positions: [[290 290 290 290 290 290 290 290 290 290 290 290 290 290 290 290 290 290
  290 290]] 
Fitness: [12376 12376 12376 12376 12377 12376 12376 12376 12376 12376 12376 12376
 12376 12376 12376 12376 12376 12375 12376 12376] 
Iteration: 46 
Particle positions: [[290 290 290 290 290 290 290 290 290 290 290 290 290 290 290 290 290 290
  290 290]] 
Fitness: [12376 12376 12376 12375 12376 12376 12376 12376 12376 12376 12375 12376
 12375 12376 12376 12376 12376 12376 12375 12376] 
Iteration: 47 
Particle positions: [[290 290 290 290 290 290 290 290 290 290 290 290 290 290 290 290 290 290
  290 290]] 
Fitness: [12376 12376 12376 12376 12375 12376 12376 12376 12376 12376 12376 12375
 12376 12376 12376 12376 12376 12376 12376 12376] 
Iteration: 48 
Particle positions: [[290 290 290 290 290 290 290 290 290 290 290 290 290 290 290 290 290 290
  290 290]] 
Fitness: [12376 12376 12376 12376 12376 12376 12377 12376 12376 12376 12376 12376
 12376 12376 12376 12376 12377 12376 12377 12376] 
Iteration: 49 
Particle positions: [[290 290 290 290 290 290 290 290 290 290 290 290 290 290 290 290 290 290
  290 290]] 
Fitness: [12376 12376 12376 12376 12376 12376 12376 12376 12376 12375 12376 12376
 12376 12375 12376 12376 12376 12377 12376 12376] 
Object: 1 
Iteration: 0 
Particle positions: [[  63  227  288  202  100 -162   81  252   54  236 -296  160  -30   89
  -270  152 -121  289 -141 -134]] 
Fitness: [11835 12278 12320 12231 11999 10434 11919 12330 11791 12299  9252 12161
 11337 11953  9493 12133 10739 12323 10594 10645] 
Iteration: 1 
Particle positions: [[ 79 229 235 250 221 290 201 252 290 260 290 290 290 290 290 290 107 248
   55 101]] 
Fitness: [11909 12284 12296 12326 12266 12324 12229 12329 12324 12341 12324 12324
 12324 12324 12325 12323 11979 12323 11795 12002] 
Iteration: 2 
Particle positions: [[170 276 243 290 290 290 290 256 290 281 290 290 290 290 290 290 290 290
  290 290]] 
Fitness: [12193 12314 12314 12324 12324 12324 12324 12335 12324 12318 12324 12324
 12324 12324 12323 12324 12323 12324 12324 12324] 
Iteration: 3 
Particle positions: [[286 290 290 274 290 290 290 267 290 290 290 290 290 290 290 290 290 290
  290 290]] 
Fitness: [12320 12324 12324 12313 12324 12325 12324 12306 12324 12325 12324 12323
 12324 12324 12324 12324 12324 12324 12324 12324] 
Iteration: 4 
Particle positions: [[290 260 290 233 290 290 290 254 290 217 290 290 290 290 290 290 290 290
  290 290]] 
Fitness: [12324 12341 12323 12292 12324 12323 12324 12333 12324 12259 12324 12324
 12324 12324 12324 12323 12324 12324 12324 12325] 
Iteration: 5 
Particle positions: [[290 234 290 227 276 290 290 249 290 255 290 289 290 290 290 290 290 270
  290 290]] 
Fitness: [12323 12295 12324 12278 12314 12323 12323 12325 12325 12334 12324 12322
 12324 12324 12323 12324 12324 12309 12324 12324] 
Iteration: 6 
Particle positions: [[283 267 277 290 256 290 290 269 290 290 290 242 290 253 290 290 290 247
  290 290]] 
Fitness: [12318 12306 12316 12324 12336 12324 12324 12308 12324 12324 12324 12312
 12324 12331 12324 12324 12324 12321 12324 12324] 
Iteration: 7 
Particle positions: [[279 278 238 290 239 290 290 281 260 266 290 252 290 227 290 290 290 286
  290 290]] 
Fitness: [12316 12316 12303 12324 12305 12324 12324 12318 12341 12306 12324 12329
 12324 12279 12323 12324 12324 12320 12324 12324] 
Iteration: 8 
Particle positions: [[271 257 290 281 268 290 269 257 235 230 290 268 290 290 290 283 290 290
  290 290]] 
Fitness: [12310 12337 12324 12318 12307 12324 12308 12336 12296 12285 12324 12307
 12324 12324 12324 12319 12324 12324 12324 12324] 
Iteration: 9 
Particle positions: [[278 249 290 243 268 290 255 239 266 253 290 270 290 290 290 236 261 288
  290 290]] 
Fitness: [12316 12323 12324 12313 12307 12324 12334 12305 12304 12331 12324 12309
 12324 12323 12324 12299 12343 12321 12324 12324] 
Iteration: 10 
Particle positions: [[282 261 290 232 250 290 251 240 279 283 290 248 269 234 290 265 237 242
  247 263]] 
Fitness: [12318 12342 12324 12290 12326 12323 12327 12307 12316 12319 12324 12323
 12308 12295 12324 12304 12301 12311 12321 12301] 
Iteration: 11 
Particle positions: [[283 271 272 280 245 290 254 251 282 257 274 249 256 224 287 290 275 288
  290 261]] 
Fitness: [12319 12311 12311 12317 12317 12324 12332 12327 12319 12336 12313 12324
 12335 12271 12321 12324 12313 12321 12324 12342] 
Iteration: 12 
Particle positions: [[290 265 275 264 252 249 268 273 230 243 259 271 249 252 277 288 278 290
  290 259]] 
Fitness: [12324 12304 12313 12303 12329 12324 12307 12312 12286 12313 12339 12309
 12325 12329 12315 12321 12316 12324 12324 12339] 
Iteration: 13 
Particle positions: [[275 254 290 240 278 241 257 285 252 237 251 273 270 280 275 235 217 243
  273 263]] 
Fitness: [12313 12332 12324 12308 12315 12309 12337 12320 12329 12302 12328 12312
 12309 12317 12313 12296 12259 12313 12312 12302] 
Iteration: 14 
Particle positions: [[262 258 273 243 279 290 249 241 284 290 257 225 276 286 274 267 256 219
  287 261]] 
Fitness: [12343 12339 12312 12313 12317 12324 12324 12309 12319 12324 12336 12273
 12315 12320 12312 12306 12336 12263 12320 12343] 
Iteration: 15 
Particle positions: [[250 271 248 277 276 290 255 246 275 261 266 237 263 231 282 290 290 290
  276 260]] 
Fitness: [12326 12310 12322 12315 12314 12324 12334 12320 12313 12342 12305 12301
 12302 12287 12318 12324 12324 12324 12314 12341] 
Iteration: 16 
Particle positions: [[263 257 290 267 219 269 269 290 234 239 256 290 243 235 262 290 289 290
  251 259]] 
Fitness: [12302 12337 12324 12306 12263 12309 12308 12324 12294 12305 12335 12324
 12313 12297 12344 12323 12322 12324 12328 12340] 
Iteration: 17 
Particle positions: [[270 251 290 249 245 280 264 274 286 265 259 269 252 287 247 260 265 270
  254 259]] 
Fitness: [12309 12327 12324 12324 12318 12317 12303 12313 12320 12304 12340 12309
 12328 12320 12321 12341 12304 12309 12332 12340] 
Iteration: 18 
Particle positions: [[258 272 268 255 283 290 250 255 275 276 264 251 277 290 270 239 241 261
  261 264]] 
Fitness: [12338 12311 12307 12334 12319 12323 12326 12334 12314 12314 12302 12328
 12316 12324 12309 12306 12309 12343 12342 12302] 
Iteration: 19 
Particle positions: [[253 261 273 264 290 289 268 254 251 271 260 243 259 227 262 276 272 256
  267 266]] 
Fitness: [12331 12343 12312 12304 12323 12322 12307 12332 12328 12310 12342 12313
 12339 12278 12343 12314 12311 12335 12306 12305] 
Iteration: 20 
Particle positions: [[268 255 290 268 224 244 276 260 249 248 261 260 251 232 256 284 271 272
  265 256]] 
Fitness: [12307 12334 12324 12307 12271 12315 12314 12341 12324 12322 12342 12341
 12328 12290 12336 12319 12310 12311 12304 12335] 
Iteration: 21 
Particle positions: [[268 264 254 265 240 290 263 267 284 275 261 274 279 290 262 240 255 272
  261 264]] 
Fitness: [12307 12303 12332 12304 12307 12324 12301 12306 12319 12314 12342 12313
 12317 12324 12344 12307 12334 12311 12342 12303] 
Iteration: 22 
Particle positions: [[259 263 232 248 286 286 249 258 232 266 260 251 290 290 266 290 258 255
  259 265]] 
Fitness: [12339 12302 12290 12322 12320 12320 12324 12338 12290 12305 12342 12328
 12324 12323 12305 12324 12338 12334 12340 12303] 
Iteration: 23 
Particle positions: [[258 259 262 261 271 236 269 259 267 249 263 257 264 210 267 223 269 266
  262 257]] 
Fitness: [12338 12340 12344 12343 12310 12299 12309 12339 12306 12325 12301 12337
 12303 12247 12306 12269 12308 12304 12343 12337] 
Iteration: 24 
Particle positions: [[268 263 282 270 222 290 252 262 284 256 259 264 242 268 264 219 260 268
  264 266]] 
Fitness: [12307 12302 12318 12309 12267 12324 12330 12344 12319 12336 12340 12304
 12311 12307 12302 12263 12341 12307 12302 12305] 
Iteration: 25 
Particle positions: [[261 261 274 257 290 290 254 264 212 268 262 264 264 290 261 290 259 261
  259 260]] 
Fitness: [12342 12342 12312 12337 12323 12324 12333 12303     0 12307 12343 12303
 12302 12324 12342 12323 12340 12343 12340 12340] 
Iteration: 26 
Particle positions: [[257 260 248 258 274 248 271 261 227 260 264 258 268 208 261 290 265 257
  266 260]] 
Fitness: [12337 12341 12322 12337 12313 12323 12310 12342 12278 12342 12303 12339
 12307 12242 12342 12323 12304 12336 12305 12341] 
Iteration: 27 
Particle positions: [[265 263 258 266 236 290 246 261 288 255 263 265 257 290 263 262 262 266
  264 264]] 
Fitness: [12303 12301 12338 12304 12298 12323 12319 12342 12320 12334 12302 12304
 12337 12324 12302 12343 12343 12305 12303 12303] 
Iteration: 28 
Particle positions: [[265 264 277 264 290 290 271 262 253 267 259 259 257 290 262 244 260 267
  256 261]] 
Fitness: [12304 12302 12314 12303 12324 12324 12310 12343 12331 12306 12339 12339
 12337 12324 12344 12315 12341 12306 12335 12343] 
Iteration: 29 
Particle positions: [[260 256 256 259 287 266 254 262 238 268 258 258 262 268 261 268 263 250
  271 260]] 
Fitness: [12341 12335 12335 12340 12321 12305 12333 12343 12303 12307 12339 12338
 12344 12307 12342 12306 12302 12326 12310 12341] 
Iteration: 30 
Particle positions: [[260 256 254 261 229 273 261 262 290 251 269 262 265 246 264 269 260 278
  269 261]] 
Fitness: [12341 12337 12332 12342 12283 12312 12343 12344 12324 12328 12308 12344
 12304 12319 12303 12309 12341 12316 12309 12343] 
Iteration: 31 
Particle positions: [[266 258 264 263 289 284 267 262 257 257 264 264 261 246 263 247 263 256
  256 262]] 
Fitness: [12306 12338 12303 12301 12322 12319 12306 12343 12337 12336 12302 12303
 12342 12319 12301 12321 12301 12336 12335 12343] 
Iteration: 32 
Particle positions: [[256 265 265 261 212 290 262 262 240 272 258 261 259 254 260 277 261 262
  254 262]] 
Fitness: [12336 12304 12304 12343     0 12324 12343 12343 12308 12311 12339 12342
 12339 12333 12341 12315 12342 12344 12332 12344] 
Iteration: 33 
Particle positions: [[265 263 254 261 261 248 257 262 267 264 261 260 268 273 261 260 260 265
  278 262]] 
Fitness: [12303 12302 12332 12342 12342 12322 12337 12344 12306 12302 12342 12341
 12307 12312 12343 12341 12341 12304 12316 12344] 
Iteration: 34 
Particle positions: [[267 259 255 262 290 264 266 262 267 255 264 264 256 251 263 256 264 263
  265 262]] 
Fitness: [12306 12340 12333 12343 12324 12303 12305 12344 12306 12334 12302 12302
 12335 12327 12302 12335 12304 12300 12304 12343] 
Iteration: 35 
Particle positions: [[256 263 262 261 227 272 264 262 251 259 264 262 261 242 261 267 257 261
  248 262]] 
Fitness: [12335 12301 12344 12342 12278 12311 12303 12343 12327 12339 12302 12344
 12343 12312 12342 12306 12337 12343 12322 12344] 
Iteration: 36 
Particle positions: [[256 261 266 261 290 281 256 262 245 267 260 261 264 290 262 262 264 262
  258 262]] 
Fitness: [12336 12342 12305 12342 12324 12317 12335 12344 12316 12305 12340 12342
 12303 12324 12344 12344 12302 12344 12338 12343] 
Iteration: 37 
Particle positions: [[271 261 255 261 256 262 264 262 269 256 261 261 260 263 262 259 263 262
  270 262]] 
Fitness: [12311 12342 12334 12342 12336 12344 12302 12343 12308 12335 12342 12342
 12341 12301 12344 12340 12302 12344 12309 12343] 
Iteration: 38 
Particle positions: [[261 261 261 261 251 252 261 262 253 260 263 262 262 235 262 264 257 262
  261 262]] 
Fitness: [12342 12342 12342 12342 12327 12329 12342 12343 12330 12341 12302 12343
 12344 12297 12343 12302 12337 12343 12342 12344] 
Iteration: 39 
Particle positions: [[259 263 265 261 275 260 261 262 253 263 262 262 263 252 262 260 262 262
  258 262]] 
Fitness: [12339 12301 12304 12343 12314 12341 12342 12344 12330 12301 12344 12344
 12301 12329 12344 12340 12343 12343 12338 12343] 
Iteration: 40 
Particle positions: [[264 262 263 261 264 269 261 262 265 259 261 262 261 271 262 262 263 262
  264 262]] 
Fitness: [12303 12344 12301 12342 12303 12308 12342 12344 12303 12339 12343 12344
 12343 12310 12344 12344 12301 12343 12302 12344] 
Iteration: 41 
Particle positions: [[261 261 260 262 255 263 262 262 266 261 261 262 263 259 262 263 261 262
  260 262]] 
Fitness: [12342 12343 12341 12343 12334 12301 12344 12343 12305 12343 12342 12344
 12301 12340 12343 12301 12342 12344 12340 12343] 
Iteration: 42 
Particle positions: [[262 264 258 261 268 258 262 262 257 262 263 262 262 258 262 259 261 262
  262 262]] 
Fitness: [12343 12302 12338 12342 12308 12337 12344 12344 12337 12343 12301 12344
 12343 12338 12343 12339 12343 12343 12344 12344] 
Iteration: 43 
Particle positions: [[262 260 265 261 264 268 262 262 260 262 262 262 261 265 262 262 262 262
  262 262]] 
Fitness: [12344 12340 12303 12343 12303 12307 12343 12343 12341 12343 12344 12343
 12342 12304 12344 12343 12344 12343 12344 12344] 
Iteration: 44 
Particle positions: [[262 263 262 261 257 261 262 262 263 260 261 262 263 258 262 263 262 262
  262 262]] 
Fitness: [12344 12302 12344 12343 12336 12342 12344 12344 12301 12341 12342 12344
 12301 12337 12343 12301 12344 12344 12344 12343] 
Iteration: 45 
Particle positions: [[262 261 260 262 265 261 262 262 261 264 262 262 263 260 262 261 262 262
  262 262]] 
Fitness: [12344 12342 12341 12343 12304 12342 12343 12344 12342 12303 12344 12344
 12301 12341 12344 12343 12343 12344 12344 12344] 
Iteration: 46 
Particle positions: [[262 262 264 260 259 263 262 262 260 258 262 262 261 262 262 262 262 262
  262 262]] 
Fitness: [12343 12344 12303 12341 12339 12301 12343 12343 12340 12338 12343 12344
 12342 12343 12344 12344 12343 12344 12343 12344] 
Iteration: 47 
Particle positions: [[262 262 262 263 262 263 262 262 263 261 262 262 262 263 262 262 262 262
  262 262]] 
Fitness: [12344 12344 12344 12301 12344 12301 12343 12344 12301 12342 12344 12343
 12343 12301 12344 12343 12344 12344 12344 12343] 
Iteration: 48 
Particle positions: [[262 262 261 261 263 262 262 262 261 263 262 262 262 261 262 262 262 262
  262 262]] 
Fitness: [12343 12343 12342 12342 12301 12343 12343 12343 12342 12301 12344 12343
 12344 12342 12343 12344 12344 12344 12344 12344] 
Iteration: 49 
Particle positions: [[262 262 261 262 261 261 262 262 260 262 262 262 262 260 262 262 262 262
  262 262]] 
Fitness: [12343 12343 12343 12343 12343 12342 12344 12344 12340 12343 12344 12344
 12343 12341 12343 12344 12343 12343 12344 12344] 
place side object: 2 
Object: 0 
Iteration: 0 
Particle positions: [[ -19  -45 -137 -131 -122   74 -190  -18  -45  -51  190  115  104  -71
   207  187 -253 -280  164 -284]] 
Fitness: [10246 10087  9531  9629  9672 10850  9273 10253 10088 10051 11566 11124
 11046  9933 11678 11548  9024  8864 11403  8842] 
Iteration: 1 
Particle positions: [[290  66  66 290  20 290 171 290  86 151 197 242 290  39 207 191 290 290
  166 274]] 
Fitness: [12146 10797 10797 12146 10495 12145 11448 12146 10928 11370 11609 11853
 12146 10619 11678 11573 12146 12146 11415 12047] 
Iteration: 2 
Particle positions: [[290 290 290 290 290 290 290 290 290 290 290 290 290 290 290 290 290 290
  244 290]] 
Fitness: [12145 12146 12145 12145 12146 12145 12145 12145 12145 12145 12145 12145
 12145 12145 12145 12146 12145 12146 11866 12145] 
Iteration: 3 
Particle positions: [[290 290 290 290 290 290 290 290 290 290 290 290 290 290 290 290 290 290
  290 290]] 
Fitness: [12145 12145 12145 12146 12146 12145 12146 12145 12145 12146 12146 12145
 12146 12145 12145 12146 12146 12146 12145 12145] 
Iteration: 4 
Particle positions: [[290 290 290 290 290 290 290 290 290 290 290 290 290 290 290 290 290 290
  290 290]] 
Fitness: [12145 12145 12146 12146 12145 12145 12146 12145 12145 12145 12145 12145
 12145 12145 12146 12146 12146 12145 12145 12145] 
Iteration: 5 
Particle positions: [[290 290 290 290 290 290 290 290 290 290 290 290 290 290 290 290 290 290
  290 290]] 
Fitness: [12145 12146 12146 12145 12146 12145 12146 12145 12146 12145 12146 12145
 12146 12146 12145 12146 12145 12145 12146 12146] 
Iteration: 6 
Particle positions: [[290 290 290 290 290 290 290 290 290 290 290 290 290 290 290 290 290 290
  290 290]] 
Fitness: [12145 12145 12145 12145 12146 12146 12145 12145 12146 12146 12145 12145
 12145 12145 12145 12145 12146 12146 12146 12145] 
Iteration: 7 
Particle positions: [[290 290 290 290 290 290 290 290 290 290 290 290 290 290 290 290 290 290
  290 290]] 
Fitness: [12146 12145 12145 12145 12145 12145 12145 12145 12145 12145 12146 12145
 12146 12145 12146 12145 12145 12146 12145 12146] 
Iteration: 8 
Particle positions: [[290 290 290 290 290 290 290 290 290 290 290 290 290 290 290 290 290 290
  290 290]] 
Fitness: [12145 12146 12146 12145 12146 12145 12146 12145 12146 12145 12145 12146
 12146 12146 12145 12146 12146 12145 12145 12146] 
Iteration: 9 
Particle positions: [[290 290 290 290 290 290 290 290 290 290 290 290 290 290 290 290 290 290
  290 290]] 
Fitness: [12145 12145 12145 12146 12145 12145 12145 12146 12145 12145 12146 12145
 12146 12146 12145 12145 12146 12145 12145 12145] 
Iteration: 10 
Particle positions: [[290 290 290 290 290 290 290 290 290 290 290 290 290 290 290 290 290 290
  290 290]] 
Fitness: [12146 12145 12145 12146 12145 12146 12146 12145 12146 12146 12146 12146
 12145 12145 12146 12146 12145 12146 12146 12145] 
Iteration: 11 
Particle positions: [[290 290 290 290 290 290 290 290 290 290 290 290 290 290 290 290 290 290
  290 290]] 
Fitness: [12145 12145 12146 12145 12146 12145 12146 12145 12145 12146 12145 12145
 12146 12145 12146 12146 12146 12146 12146 12145] 
Iteration: 12 
Particle positions: [[290 290 290 290 290 290 290 290 290 290 290 290 290 290 290 290 290 290
  290 290]] 
Fitness: [12146 12145 12146 12146 12146 12146 12145 12146 12145 12146 12145 12145
 12145 12145 12146 12145 12146 12146 12146 12146] 
Iteration: 13 
Particle positions: [[290 290 290 290 290 290 290 290 290 290 290 290 290 290 290 290 290 290
  290 290]] 
Fitness: [12146 12146 12145 12146 12146 12145 12146 12145 12145 12145 12146 12146
 12145 12145 12146 12146 12146 12146 12145 12145] 
Iteration: 14 
Particle positions: [[290 290 290 290 290 290 290 290 290 290 290 290 290 290 290 290 290 290
  290 290]] 
Fitness: [12145 12146 12145 12145 12146 12146 12146 12146 12145 12145 12145 12146
 12145 12146 12145 12145 12145 12145 12145 12145] 
Iteration: 15 
Particle positions: [[290 290 290 290 290 290 290 290 290 290 290 290 290 290 290 290 290 290
  290 290]] 
Fitness: [12145 12145 12146 12146 12145 12146 12146 12145 12145 12145 12146 12146
 12146 12146 12145 12146 12146 12146 12146 12146] 
Iteration: 16 
Particle positions: [[290 290 290 290 290 290 290 290 290 290 290 290 290 290 290 290 290 290
  290 290]] 
Fitness: [12145 12146 12146 12146 12145 12145 12146 12145 12146 12145 12146 12145
 12146 12145 12145 12145 12145 12145 12145 12146] 
Iteration: 17 
Particle positions: [[290 290 290 290 290 290 290 290 290 290 290 290 290 290 290 290 290 290
  290 290]] 
Fitness: [12145 12146 12146 12146 12145 12146 12146 12146 12147 12146 12145 12145
 12145 12145 12145 12145 12145 12146 12146 12146] 
Iteration: 18 
Particle positions: [[290 290 290 290 290 290 290 290 290 290 290 290 290 290 290 290 290 290
  290 290]] 
Fitness: [12145 12146 12145 12146 12146 12146 12146 12146 12145 12146 12146 12145
 12146 12146 12146 12145 12145 12146 12146 12145] 
Iteration: 19 
Particle positions: [[290 290 290 290 290 290 290 290 290 290 290 290 290 290 290 290 290 290
  290 290]] 
Fitness: [12146 12146 12146 12145 12145 12146 12146 12146 12146 12145 12145 12145
 12145 12145 12146 12146 12146 12145 12146 12146] 
Iteration: 20 
Particle positions: [[290 290 290 290 290 290 290 290 290 290 290 290 290 290 290 290 290 290
  290 290]] 
Fitness: [12146 12146 12145 12145 12145 12146 12146 12146 12146 12146 12145 12145
 12145 12146 12146 12146 12145 12146 12145 12145] 
Iteration: 21 
Particle positions: [[290 290 290 290 290 290 290 290 290 290 290 290 290 290 290 290 290 290
  290 290]] 
Fitness: [12146 12146 12145 12145 12146 12146 12146 12146 12145 12145 12146 12146
 12145 12146 12146 12145 12146 12145 12145 12146] 
Iteration: 22 
Particle positions: [[290 290 290 290 290 290 290 290 290 290 290 290 290 290 290 290 290 290
  290 290]] 
Fitness: [12146 12146 12146 12146 12146 12145 12146 12145 12145 12146 12146 12146
 12146 12146 12145 12145 12145 12145 12145 12146] 
Iteration: 23 
Particle positions: [[290 290 290 290 290 290 290 290 290 290 290 290 290 290 290 290 290 290
  290 290]] 
Fitness: [12145 12145 12146 12145 12145 12145 12145 12145 12146 12146 12145 12145
 12146 12146 12146 12145 12145 12146 12146 12146] 
Iteration: 24 
Particle positions: [[290 290 290 290 290 290 290 290 290 290 290 290 290 290 290 290 290 290
  290 290]] 
Fitness: [12146 12145 12145 12146 12145 12146 12146 12146 12146 12145 12145 12145
 12145 12146 12145 12145 12145 12145 12145 12146] 
Iteration: 25 
Particle positions: [[290 290 290 290 290 290 290 290 290 290 290 290 290 290 290 290 290 290
  290 290]] 
Fitness: [12145 12146 12146 12146 12146 12145 12145 12145 12145 12145 12145 12145
 12146 12145 12146 12145 12145 12146 12145 12145] 
Iteration: 26 
Particle positions: [[290 290 290 290 290 290 290 290 290 290 290 290 290 290 290 290 290 290
  290 290]] 
Fitness: [12145 12145 12145 12145 12146 12145 12145 12145 12145 12145 12145 12145
 12146 12145 12146 12145 12145 12146 12146 12145] 
Iteration: 27 
Particle positions: [[290 290 290 290 290 290 290 290 290 290 290 290 290 290 290 290 290 290
  290 290]] 
Fitness: [12145 12145 12146 12146 12145 12146 12145 12146 12146 12146 12145 12145
 12146 12145 12146 12145 12145 12145 12145 12145] 
Iteration: 28 
Particle positions: [[290 290 290 290 290 290 290 290 290 290 290 290 290 290 290 290 290 290
  290 290]] 
Fitness: [12145 12145 12145 12146 12145 12145 12146 12145 12145 12145 12145 12146
 12145 12145 12146 12145 12145 12146 12145 12146] 
Iteration: 29 
Particle positions: [[290 290 290 290 290 290 290 290 290 290 290 290 290 290 290 290 290 290
  290 290]] 
Fitness: [12146 12144 12145 12145 12145 12145 12146 12145 12145 12145 12146 12146
 12145 12146 12145 12146 12146 12146 12145 12146] 
Iteration: 30 
Particle positions: [[290 290 290 290 290 290 290 290 290 290 290 290 290 290 290 290 290 290
  290 290]] 
Fitness: [12146 12146 12145 12146 12146 12145 12145 12146 12145 12146 12145 12145
 12146 12145 12145 12145 12145 12145 12145 12145] 
Iteration: 31 
Particle positions: [[290 290 290 290 290 290 290 290 290 290 290 290 290 290 290 290 290 290
  290 290]] 
Fitness: [12145 12145 12145 12146 12146 12145 12145 12145 12145 12145 12146 12146
 12145 12146 12146 12145 12145 12145 12146 12145] 
Iteration: 32 
Particle positions: [[290 290 290 290 290 290 290 290 290 290 290 290 290 290 290 290 290 290
  290 290]] 
Fitness: [12146 12146 12145 12146 12145 12146 12146 12145 12145 12145 12146 12146
 12145 12145 12145 12145 12146 12146 12146 12146] 
Iteration: 33 
Particle positions: [[290 290 290 290 290 290 290 290 290 290 290 290 290 290 290 290 290 290
  290 290]] 
Fitness: [12145 12145 12145 12146 12145 12145 12145 12145 12146 12145 12146 12145
 12145 12146 12146 12145 12145 12145 12145 12146] 
Iteration: 34 
Particle positions: [[290 290 290 290 290 290 290 290 290 290 290 290 290 290 290 290 290 290
  290 290]] 
Fitness: [12146 12145 12145 12145 12145 12145 12145 12145 12146 12146 12145 12146
 12146 12146 12145 12145 12145 12145 12146 12146] 
Iteration: 35 
Particle positions: [[290 290 290 290 290 290 290 290 290 290 290 290 290 290 290 290 290 290
  290 290]] 
Fitness: [12146 12145 12145 12146 12145 12145 12145 12145 12146 12145 12146 12145
 12145 12145 12146 12145 12145 12145 12145 12146] 
Iteration: 36 
Particle positions: [[290 290 290 290 290 290 290 290 290 290 290 290 290 290 290 290 290 290
  290 290]] 
Fitness: [12145 12145 12146 12146 12145 12146 12146 12145 12145 12146 12146 12145
 12145 12146 12146 12145 12145 12146 12145 12145] 
Iteration: 37 
Particle positions: [[290 290 290 290 290 290 290 290 290 290 290 290 290 290 290 290 290 290
  290 290]] 
Fitness: [12146 12145 12145 12145 12145 12145 12146 12145 12147 12145 12145 12145
 12145 12145 12146 12146 12146 12146 12146 12146] 
Iteration: 38 
Particle positions: [[290 290 290 290 290 290 290 290 290 290 290 290 290 290 290 290 290 290
  290 290]] 
Fitness: [12146 12145 12145 12145 12146 12146 12146 12146 12146 12146 12145 12145
 12145 12146 12145 12145 12146 12145 12145 12146] 
Iteration: 39 
Particle positions: [[290 290 290 290 290 290 290 290 290 290 290 290 290 290 290 290 290 290
  290 290]] 
Fitness: [12145 12145 12145 12146 12146 12146 12146 12146 12145 12146 12145 12145
 12146 12145 12146 12145 12146 12145 12145 12145] 
Iteration: 40 
Particle positions: [[290 290 290 290 290 290 290 290 290 290 290 290 290 290 290 290 290 290
  290 290]] 
Fitness: [12146 12145 12146 12146 12146 12146 12145 12145 12145 12145 12145 12145
 12145 12145 12145 12145 12145 12145 12145 12146] 
Iteration: 41 
Particle positions: [[290 290 290 290 290 290 290 290 290 290 290 290 290 290 290 290 290 290
  290 290]] 
Fitness: [12146 12145 12146 12145 12145 12145 12145 12145 12145 12146 12146 12146
 12146 12145 12145 12145 12145 12145 12146 12145] 
Iteration: 42 
Particle positions: [[290 290 290 290 290 290 290 290 290 290 290 290 290 290 290 290 290 290
  290 290]] 
Fitness: [12145 12145 12146 12146 12146 12145 12145 12145 12146 12146 12145 12145
 12145 12145 12146 12145 12145 12146 12146 12145] 
Iteration: 43 
Particle positions: [[290 290 290 290 290 290 290 290 290 290 290 290 290 290 290 290 290 290
  290 290]] 
Fitness: [12145 12146 12145 12146 12146 12145 12146 12146 12145 12145 12145 12145
 12146 12145 12145 12144 12146 12146 12145 12145] 
Iteration: 44 
Particle positions: [[290 290 290 290 290 290 290 290 290 290 290 290 290 290 290 290 290 290
  290 290]] 
Fitness: [12146 12145 12145 12145 12145 12146 12145 12146 12146 12146 12146 12146
 12146 12145 12145 12145 12146 12145 12146 12145] 
Iteration: 45 
Particle positions: [[290 290 290 290 290 290 290 290 290 290 290 290 290 290 290 290 290 290
  290 290]] 
Fitness: [12145 12145 12145 12146 12145 12146 12145 12145 12146 12145 12146 12145
 12145 12145 12146 12146 12145 12146 12145 12145] 
Iteration: 46 
Particle positions: [[290 290 290 290 290 290 290 290 290 290 290 290 290 290 290 290 290 290
  290 290]] 
Fitness: [12145 12145 12145 12145 12145 12146 12146 12145 12145 12146 12145 12145
 12145 12145 12145 12145 12145 12145 12145 12145] 
Iteration: 47 
Particle positions: [[290 290 290 290 290 290 290 290 290 290 290 290 290 290 290 290 290 290
  290 290]] 
Fitness: [12145 12145 12145 12146 12145 12145 12145 12146 12146 12145 12146 12145
 12146 12145 12145 12145 12145 12146 12145 12146] 
Iteration: 48 
Particle positions: [[290 290 290 290 290 290 290 290 290 290 290 290 290 290 290 290 290 290
  290 290]] 
Fitness: [12145 12146 12146 12145 12146 12145 12145 12146 12146 12145 12146 12146
 12145 12146 12145 12145 12145 12145 12146 12146] 
Iteration: 49 
Particle positions: [[290 290 290 290 290 290 290 290 290 290 290 290 290 290 290 290 290 290
  290 290]] 
Fitness: [12145 12145 12146 12145 12146 12145 12146 12146 12145 12145 12145 12145
 12146 12146 12145 12146 12146 12145 12145 12145] 
