Type: 0 
Bin: 0 
place side object: 0 
Object: 0 
Iteration: 0 
Particle positions: [[  90 -240   85  204 -114 -273  172 -190  133  254  200 -187  239   89
  -153   -3 -118  252  -40    6]] 
Fitness: [ 8717 12699  8801  6817 11625 12860  7341 12322  8000  6062  6879 12191
  6281  8734 12008 10115 11674  6091 10654  9978] 
Iteration: 1 
Particle positions: [[-300 -298  -28   86 -274 -273 -126 -282 -121 -300 -300 -224  -49  -56
  -167 -300 -295   80 -300  -50]] 
Fitness: [12970 12962 10483  8783 12865 12861 11759 12901 11711 12969 12969 12604
 10780 10876 12130 12970 12952  8807 12970 10793] 
Iteration: 2 
Particle positions: [[-300 -300 -300 -163 -300 -287 -300 -300 -300 -300 -300 -300 -300 -300
  -289 -300 -300 -300 -300 -133]] 
Fitness: [12970 12969 12970 12095 12970 12922 12970 12969 12970 12969 12970 12969
 12969 12970 12931 12970 12969 12969 12970 11827] 
Iteration: 3 
Particle positions: [[-300 -300 -300 -300 -300 -300 -300 -300 -300 -300 -300 -300 -300 -300
  -300 -300 -300 -300 -300 -300]] 
Fitness: [12970 12971 12969 12970 12970 12969 12969 12969 12969 12971 12970 12970
 12970 12970 12970 12970 12970 12969 12970 12970] 
Iteration: 4 
Particle positions: [[-300 -300 -300 -300 -300 -300 -300 -300 -300 -300 -300 -300 -300 -300
  -300 -300 -300 -300 -300 -300]] 
Fitness: [12971 12970 12971 12970 12969 12971 12970 12970 12971 12970 12970 12970
 12970 12970 12970 12969 12968 12970 12970 12969] 
Iteration: 5 
Particle positions: [[-300 -300 -300 -300 -300 -300 -300 -300 -300 -300 -300 -300 -300 -300
  -300 -300 -300 -300 -300 -300]] 
Fitness: [12970 12970 12971 12969 12969 12970 12969 12970 12970 12970 12970 12970
 12969 12970 12971 12970 12969 12970 12970 12969] 
Iteration: 6 
Particle positions: [[-300 -300 -300 -300 -300 -300 -300 -300 -300 -300 -300 -300 -300 -300
  -300 -300 -300 -300 -300 -300]] 
Fitness: [12969 12970 12969 12971 12971 12970 12969 12969 12970 12969 12969 12970
 12970 12970 12970 12971 12970 12970 12970 12970] 
Iteration: 7 
Particle positions: [[-300 -300 -300 -300 -300 -300 -300 -300 -300 -300 -300 -300 -300 -300
  -300 -300 -300 -300 -300 -300]] 
Fitness: [12970 12970 12970 12970 12970 12970 12970 12969 12969 12970 12970 12971
 12969 12970 12970 12970 12970 12970 12969 12970] 
Iteration: 8 
Particle positions: [[-300 -300 -300 -300 -300 -300 -300 -300 -300 -300 -300 -300 -300 -300
  -300 -300 -300 -300 -300 -300]] 
Fitness: [12970 12969 12969 12969 12970 12970 12969 12971 12970 12970 12970 12969
 12969 12970 12970 12970 12969 12970 12970 12969] 
Iteration: 9 
Particle positions: [[-300 -300 -300 -300 -300 -300 -300 -300 -300 -300 -300 -300 -300 -300
  -300 -300 -300 -300 -300 -300]] 
Fitness: [12970 12970 12969 12971 12969 12969 12969 12969 12969 12970 12969 12970
 12970 12970 12970 12969 12969 12970 12970 12970] 
Iteration: 10 
Particle positions: [[-300 -300 -300 -300 -300 -300 -300 -300 -300 -300 -300 -300 -300 -300
  -300 -300 -300 -300 -300 -300]] 
Fitness: [12970 12968 12969 12970 12970 12969 12970 12969 12969 12970 12969 12969
 12970 12969 12968 12970 12970 12969 12970 12971] 
Iteration: 11 
Particle positions: [[-300 -300 -300 -300 -300 -300 -300 -300 -300 -300 -300 -300 -300 -300
  -300 -300 -300 -300 -300 -300]] 
Fitness: [12971 12970 12969 12970 12970 12969 12970 12969 12970 12970 12970 12970
 12970 12970 12970 12970 12969 12970 12969 12970] 
Iteration: 12 
Particle positions: [[-300 -300 -300 -300 -300 -300 -300 -300 -300 -300 -300 -300 -300 -300
  -300 -300 -300 -300 -300 -300]] 
Fitness: [12969 12969 12970 12970 12969 12969 12969 12969 12970 12970 12970 12969
 12970 12969 12969 12969 12970 12970 12969 12970] 
Iteration: 13 
Particle positions: [[-300 -300 -300 -300 -300 -300 -300 -300 -300 -300 -300 -300 -300 -300
  -300 -300 -300 -300 -300 -300]] 
Fitness: [12970 12969 12970 12970 12970 12969 12970 12969 12971 12970 12970 12970
 12969 12969 12970 12971 12969 12969 12970 12970] 
Iteration: 14 
Particle positions: [[-300 -300 -300 -300 -300 -300 -300 -300 -300 -300 -300 -300 -300 -300
  -300 -300 -300 -300 -300 -300]] 
Fitness: [12971 12969 12970 12970 12970 12970 12969 12971 12970 12969 12970 12970
 12970 12969 12969 12969 12970 12970 12969 12969] 
Iteration: 15 
Particle positions: [[-300 -300 -300 -300 -300 -300 -300 -300 -300 -300 -300 -300 -300 -300
  -300 -300 -300 -300 -300 -300]] 
Fitness: [12970 12970 12970 12970 12969 12970 12969 12970 12970 12970 12970 12970
 12970 12969 12970 12970 12969 12970 12969 12969] 
Iteration: 16 
Particle positions: [[-300 -300 -300 -300 -300 -300 -300 -300 -300 -300 -300 -300 -300 -300
  -300 -300 -300 -300 -300 -300]] 
Fitness: [12969 12970 12969 12970 12970 12969 12970 12970 12969 12970 12970 12969
 12969 12969 12970 12970 12970 12969 12970 12970] 
Iteration: 17 
Particle positions: [[-300 -300 -300 -300 -300 -300 -300 -300 -300 -300 -300 -300 -300 -300
  -300 -300 -300 -300 -300 -300]] 
Fitness: [12970 12970 12970 12969 12971 12969 12970 12969 12970 12970 12970 12969
 12970 12970 12969 12970 12970 12970 12970 12970] 
Iteration: 18 
Particle positions: [[-300 -300 -300 -300 -300 -300 -300 -300 -300 -300 -300 -300 -300 -300
  -300 -300 -300 -300 -300 -300]] 
Fitness: [12971 12970 12970 12969 12970 12970 12970 12969 12970 12969 12970 12970
 12970 12970 12970 12968 12971 12969 12970 12970] 
Iteration: 19 
Particle positions: [[-300 -300 -300 -300 -300 -300 -300 -300 -300 -300 -300 -300 -300 -300
  -300 -300 -300 -300 -300 -300]] 
Fitness: [12970 12970 12970 12969 12969 12970 12969 12970 12969 12969 12969 12969
 12970 12970 12969 12969 12970 12969 12970 12970] 
Iteration: 20 
Particle positions: [[-300 -300 -300 -300 -300 -300 -300 -300 -300 -300 -300 -300 -300 -300
  -300 -300 -300 -300 -300 -300]] 
Fitness: [12970 12970 12969 12970 12970 12970 12970 12970 12969 12970 12970 12970
 12969 12969 12969 12969 12969 12971 12970 12970] 
Iteration: 21 
Particle positions: [[-300 -300 -300 -300 -300 -300 -300 -300 -300 -300 -300 -300 -300 -300
  -300 -300 -300 -300 -300 -300]] 
Fitness: [12969 12969 12970 12970 12970 12969 12968 12970 12970 12969 12969 12970
 12970 12970 12970 12969 12970 12970 12969 12969] 
Iteration: 22 
Particle positions: [[-300 -300 -300 -300 -300 -300 -300 -300 -300 -300 -300 -300 -300 -300
  -300 -300 -300 -300 -300 -300]] 
Fitness: [12970 12969 12969 12969 12970 12970 12970 12970 12969 12970 12970 12969
 12970 12969 12971 12970 12970 12970 12970 12969] 
Iteration: 23 
Particle positions: [[-300 -300 -300 -300 -300 -300 -300 -300 -300 -300 -300 -300 -300 -300
  -300 -300 -300 -300 -300 -300]] 
Fitness: [12969 12970 12970 12970 12969 12969 12969 12970 12969 12969 12970 12970
 12969 12970 12969 12969 12970 12969 12969 12969] 
Iteration: 24 
Particle positions: [[-300 -300 -300 -300 -300 -300 -300 -300 -300 -300 -300 -300 -300 -300
  -300 -300 -300 -300 -300 -300]] 
Fitness: [12970 12970 12969 12970 12969 12970 12970 12970 12970 12970 12970 12970
 12969 12969 12970 12970 12969 12970 12970 12969] 
Iteration: 25 
Particle positions: [[-300 -300 -300 -300 -300 -300 -300 -300 -300 -300 -300 -300 -300 -300
  -300 -300 -300 -300 -300 -300]] 
Fitness: [12970 12969 12970 12970 12969 12969 12970 12969 12969 12969 12969 12968
 12969 12968 12969 12969 12969 12970 12970 12970] 
Iteration: 26 
Particle positions: [[-300 -300 -300 -300 -300 -300 -300 -300 -300 -300 -300 -300 -300 -300
  -300 -300 -300 -300 -300 -300]] 
Fitness: [12969 12969 12970 12970 12969 12970 12970 12970 12970 12969 12969 12969
 12970 12970 12970 12969 12970 12970 12971 12970] 
Iteration: 27 
Particle positions: [[-300 -300 -300 -300 -300 -300 -300 -300 -300 -300 -300 -300 -300 -300
  -300 -300 -300 -300 -300 -300]] 
Fitness: [12969 12970 12969 12970 12970 12970 12970 12970 12970 12970 12970 12970
 12970 12970 12970 12970 12971 12970 12970 12970] 
Iteration: 28 
Particle positions: [[-300 -300 -300 -300 -300 -300 -300 -300 -300 -300 -300 -300 -300 -300
  -300 -300 -300 -300 -300 -300]] 
Fitness: [12970 12969 12970 12969 12969 12969 12969 12969 12969 12969 12970 12969
 12970 12969 12970 12971 12970 12970 12970 12969] 
Iteration: 29 
Particle positions: [[-300 -300 -300 -300 -300 -300 -300 -300 -300 -300 -300 -300 -300 -300
  -300 -300 -300 -300 -300 -300]] 
Fitness: [12971 12970 12970 12969 12969 12970 12970 12970 12970 12969 12970 12969
 12970 12969 12969 12969 12970 12969 12969 12969] 
Iteration: 30 
Particle positions: [[-300 -300 -300 -300 -300 -300 -300 -300 -300 -300 -300 -300 -300 -300
  -300 -300 -300 -300 -300 -300]] 
Fitness: [12969 12969 12970 12970 12969 12970 12969 12969 12969 12969 12970 12969
 12970 12970 12970 12969 12969 12970 12971 12969] 
Iteration: 31 
Particle positions: [[-300 -300 -300 -300 -300 -300 -300 -300 -300 -300 -300 -300 -300 -300
  -300 -300 -300 -300 -300 -300]] 
Fitness: [12970 12970 12971 12969 12970 12969 12970 12969 12970 12970 12969 12970
 12969 12970 12971 12969 12970 12969 12970 12970] 
Iteration: 32 
Particle positions: [[-300 -300 -300 -300 -300 -300 -300 -300 -300 -300 -300 -300 -300 -300
  -300 -300 -300 -300 -300 -300]] 
Fitness: [12971 12970 12970 12970 12970 12970 12969 12969 12970 12969 12970 12970
 12970 12970 12969 12970 12970 12970 12969 12969] 
Iteration: 33 
Particle positions: [[-300 -300 -300 -300 -300 -300 -300 -300 -300 -300 -300 -300 -300 -300
  -300 -300 -300 -300 -300 -300]] 
Fitness: [12970 12970 12970 12969 12969 12969 12969 12969 12970 12971 12969 12970
 12970 12970 12970 12970 12970 12971 12969 12970] 
Iteration: 34 
Particle positions: [[-300 -300 -300 -300 -300 -300 -300 -300 -300 -300 -300 -300 -300 -300
  -300 -300 -300 -300 -300 -300]] 
Fitness: [12970 12970 12969 12969 12970 12970 12970 12969 12970 12969 12970 12970
 12970 12969 12970 12969 12970 12970 12970 12970] 
Iteration: 35 
Particle positions: [[-300 -300 -300 -300 -300 -300 -300 -300 -300 -300 -300 -300 -300 -300
  -300 -300 -300 -300 -300 -300]] 
Fitness: [12969 12970 12970 12969 12971 12970 12969 12969 12969 12969 12970 12969
 12970 12969 12970 12970 12969 12970 12970 12970] 
Iteration: 36 
Particle positions: [[-300 -300 -300 -300 -300 -300 -300 -300 -300 -300 -300 -300 -300 -300
  -300 -300 -300 -300 -300 -300]] 
Fitness: [12970 12970 12970 12970 12970 12970 12970 12970 12969 12969 12970 12969
 12970 12969 12970 12969 12970 12971 12970 12970] 
Iteration: 37 
Particle positions: [[-300 -300 -300 -300 -300 -300 -300 -300 -300 -300 -300 -300 -300 -300
  -300 -300 -300 -300 -300 -300]] 
Fitness: [12969 12969 12970 12969 12970 12971 12970 12970 12970 12969 12970 12969
 12970 12970 12970 12969 12969 12970 12970 12970] 
Iteration: 38 
Particle positions: [[-300 -300 -300 -300 -300 -300 -300 -300 -300 -300 -300 -300 -300 -300
  -300 -300 -300 -300 -300 -300]] 
Fitness: [12970 12970 12969 12971 12969 12970 12969 12970 12970 12969 12969 12970
 12970 12970 12970 12969 12969 12969 12970 12970] 
Iteration: 39 
Particle positions: [[-300 -300 -300 -300 -300 -300 -300 -300 -300 -300 -300 -300 -300 -300
  -300 -300 -300 -300 -300 -300]] 
Fitness: [12970 12970 12970 12969 12970 12969 12970 12970 12970 12971 12970 12969
 12970 12969 12969 12971 12970 12970 12970 12969] 
Iteration: 40 
Particle positions: [[-300 -300 -300 -300 -300 -300 -300 -300 -300 -300 -300 -300 -300 -300
  -300 -300 -300 -300 -300 -300]] 
Fitness: [12970 12970 12971 12970 12970 12970 12969 12969 12970 12969 12970 12970
 12971 12970 12970 12970 12969 12970 12969 12970] 
Iteration: 41 
Particle positions: [[-300 -300 -300 -300 -300 -300 -300 -300 -300 -300 -300 -300 -300 -300
  -300 -300 -300 -300 -300 -300]] 
Fitness: [12970 12970 12970 12970 12969 12970 12969 12970 12970 12970 12970 12969
 12969 12969 12969 12970 12970 12970 12969 12970] 
Iteration: 42 
Particle positions: [[-300 -300 -300 -300 -300 -300 -300 -300 -300 -300 -300 -300 -300 -300
  -300 -300 -300 -300 -300 -300]] 
Fitness: [12970 12970 12969 12969 12970 12970 12969 12970 12970 12970 12971 12970
 12969 12970 12970 12970 12970 12969 12970 12969] 
Iteration: 43 
Particle positions: [[-300 -300 -300 -300 -300 -300 -300 -300 -300 -300 -300 -300 -300 -300
  -300 -300 -300 -300 -300 -300]] 
Fitness: [12969 12971 12970 12969 12970 12970 12969 12970 12970 12969 12971 12970
 12970 12970 12970 12970 12970 12970 12969 12970] 
Iteration: 44 
Particle positions: [[-300 -300 -300 -300 -300 -300 -300 -300 -300 -300 -300 -300 -300 -300
  -300 -300 -300 -300 -300 -300]] 
Fitness: [12970 12970 12969 12970 12970 12969 12970 12970 12970 12970 12969 12970
 12970 12968 12970 12970 12970 12970 12970 12970] 
Iteration: 45 
Particle positions: [[-300 -300 -300 -300 -300 -300 -300 -300 -300 -300 -300 -300 -300 -300
  -300 -300 -300 -300 -300 -300]] 
Fitness: [12969 12971 12970 12971 12969 12969 12970 12970 12971 12971 12969 12970
 12970 12970 12970 12970 12970 12969 12969 12970] 
Iteration: 46 
Particle positions: [[-300 -300 -300 -300 -300 -300 -300 -300 -300 -300 -300 -300 -300 -300
  -300 -300 -300 -300 -300 -300]] 
Fitness: [12971 12970 12970 12970 12970 12970 12970 12970 12970 12970 12969 12971
 12970 12970 12970 12970 12970 12970 12970 12971] 
Iteration: 47 
Particle positions: [[-300 -300 -300 -300 -300 -300 -300 -300 -300 -300 -300 -300 -300 -300
  -300 -300 -300 -300 -300 -300]] 
Fitness: [12971 12971 12970 12970 12969 12969 12970 12969 12969 12970 12970 12970
 12970 12970 12969 12969 12970 12969 12970 12970] 
Iteration: 48 
Particle positions: [[-300 -300 -300 -300 -300 -300 -300 -300 -300 -300 -300 -300 -300 -300
  -300 -300 -300 -300 -300 -300]] 
Fitness: [12970 12969 12971 12970 12970 12969 12970 12970 12969 12970 12970 12970
 12971 12970 12970 12970 12970 12971 12969 12971] 
Iteration: 49 
Particle positions: [[-300 -300 -300 -300 -300 -300 -300 -300 -300 -300 -300 -300 -300 -300
  -300 -300 -300 -300 -300 -300]] 
Fitness: [12970 12970 12970 12970 12969 12969 12969 12969 12969 12969 12970 12971
 12971 12970 12970 12971 12970 12970 12970 12968] 
Object: 1 
Iteration: 0 
Particle positions: [[  90 -100  -66   73  -12 -251 -234   31 -139  -56   80  199 -232   36
   -94   33 -228  286 -135 -117]] 
Fitness: [ 9119 11952 11521  9411 10760 13112 13045 10101 12365 11386  9291  7271
 13036 10021 11878 10069 13017  5846 12330 12155] 
Iteration: 1 
Particle positions: [[  55 -273 -261 -300 -248 -250 -235   17 -300  -62 -300 -300 -260 -192
  -156 -300 -248 -300 -300 -166]] 
Fitness: [ 9713 13170 13143 13213 13101 13110 13050 10320 13214 11468 13212 13213
 13140 12770 12507 13213 13102 13213 13211 12582] 
Iteration: 2 
Particle positions: [[-300 -300 -300 -300 -300 -259 -300  -23 -300 -300 -300 -300 -292 -300
  -300 -300 -300 -300 -300 -300]] 
Fitness: [13212 13213 13214 13212 13213 13137 13214 10922 13213 13213 13213 13212
 13204 13213 13213 13212 13213 13213 13213 13213] 
Iteration: 3 
Particle positions: [[-300 -300 -300 -300 -300 -300 -300 -300 -300 -300 -300 -300 -300 -300
  -300 -300 -300 -300 -300 -300]] 
Fitness: [13213 13213 13213 13212 13213 13212 13212 13214 13213 13213 13212 13212
 13213 13212 13213 13213 13213 13214 13214 13213] 
Iteration: 4 
Particle positions: [[-300 -300 -300 -300 -300 -300 -300 -300 -300 -300 -300 -300 -300 -300
  -300 -300 -300 -300 -300 -300]] 
Fitness: [13213 13213 13213 13212 13213 13214 13213 13213 13213 13212 13213 13213
 13212 13212 13213 13213 13213 13212 13213 13213] 
Iteration: 5 
Particle positions: [[-300 -300 -300 -300 -300 -300 -300 -300 -300 -300 -300 -300 -300 -300
  -300 -300 -300 -300 -300 -300]] 
Fitness: [13213 13213 13213 13213 13211 13212 13212 13213 13212 13213 13213 13213
 13212 13213 13213 13213 13212 13213 13212 13213] 
Iteration: 6 
Particle positions: [[-300 -300 -300 -300 -300 -300 -300 -300 -300 -300 -300 -300 -300 -300
  -300 -300 -300 -300 -300 -300]] 
Fitness: [13213 13213 13212 13213 13213 13213 13213 13213 13212 13213 13213 13213
 13214 13212 13213 13213 13213 13214 13214 13212] 
Iteration: 7 
Particle positions: [[-300 -300 -300 -300 -300 -300 -300 -300 -300 -300 -300 -300 -300 -300
  -300 -300 -300 -300 -300 -300]] 
Fitness: [13213 13212 13212 13213 13214 13213 13212 13212 13212 13213 13213 13213
 13213 13213 13213 13212 13212 13214 13213 13213] 
Iteration: 8 
Particle positions: [[-300 -300 -300 -300 -300 -300 -300 -300 -300 -300 -300 -300 -300 -300
  -300 -300 -300 -300 -300 -300]] 
Fitness: [13213 13213 13212 13213 13212 13213 13212 13213 13212 13214 13213 13212
 13213 13212 13212 13213 13212 13213 13212 13213] 
Iteration: 9 
Particle positions: [[-300 -300 -300 -300 -300 -300 -300 -300 -300 -300 -300 -300 -300 -300
  -300 -300 -300 -300 -300 -300]] 
Fitness: [13212 13213 13213 13212 13212 13212 13212 13214 13213 13213 13213 13213
 13213 13212 13212 13212 13213 13213 13213 13212] 
Iteration: 10 
Particle positions: [[-300 -300 -300 -300 -300 -300 -300 -300 -300 -300 -300 -300 -300 -300
  -300 -300 -300 -300 -300 -300]] 
Fitness: [13213 13213 13213 13213 13213 13213 13212 13213 13212 13212 13213 13212
 13212 13213 13212 13212 13213 13213 13213 13213] 
Iteration: 11 
Particle positions: [[-300 -300 -300 -300 -300 -300 -300 -300 -300 -300 -300 -300 -300 -300
  -300 -300 -300 -300 -300 -300]] 
Fitness: [13213 13213 13213 13213 13212 13213 13212 13212 13213 13213 13213 13212
 13214 13213 13213 13213 13213 13213 13214 13213] 
Iteration: 12 
Particle positions: [[-300 -300 -300 -300 -300 -300 -300 -300 -300 -300 -300 -300 -300 -300
  -300 -300 -300 -300 -300 -300]] 
Fitness: [13213 13213 13213 13212 13214 13213 13213 13212 13213 13212 13213 13214
 13213 13213 13213 13212 13213 13213 13213 13213] 
Iteration: 13 
Particle positions: [[-300 -300 -300 -300 -300 -300 -300 -300 -300 -300 -300 -300 -300 -300
  -300 -300 -300 -300 -300 -300]] 
Fitness: [13214 13213 13213 13214 13214 13213 13213 13213 13213 13212 13212 13214
 13212 13212 13214 13213 13213 13213 13213 13213] 
Iteration: 14 
Particle positions: [[-300 -300 -300 -300 -300 -300 -300 -300 -300 -300 -300 -300 -300 -300
  -300 -300 -300 -300 -300 -300]] 
Fitness: [13214 13213 13213 13213 13213 13214 13212 13213 13212 13213 13213 13213
 13212 13214 13212 13213 13214 13212 13212 13213] 
Iteration: 15 
Particle positions: [[-300 -300 -300 -300 -300 -300 -300 -300 -300 -300 -300 -300 -300 -300
  -300 -300 -300 -300 -300 -300]] 
Fitness: [13212 13213 13213 13213 13213 13213 13212 13213 13212 13213 13213 13213
 13213 13213 13211 13212 13213 13212 13214 13213] 
Iteration: 16 
Particle positions: [[-300 -300 -300 -300 -300 -300 -300 -300 -300 -300 -300 -300 -300 -300
  -300 -300 -300 -300 -300 -300]] 
Fitness: [13212 13213 13213 13214 13212 13212 13213 13213 13213 13213 13213 13213
 13212 13213 13212 13213 13212 13212 13213 13213] 
Iteration: 17 
Particle positions: [[-300 -300 -300 -300 -300 -300 -300 -300 -300 -300 -300 -300 -300 -300
  -300 -300 -300 -300 -300 -300]] 
Fitness: [13212 13213 13213 13213 13213 13212 13213 13214 13213 13212 13212 13212
 13214 13213 13214 13212 13213 13213 13213 13212] 
Iteration: 18 
Particle positions: [[-300 -300 -300 -300 -300 -300 -300 -300 -300 -300 -300 -300 -300 -300
  -300 -300 -300 -300 -300 -300]] 
Fitness: [13214 13213 13212 13213 13213 13212 13213 13213 13213 13213 13212 13213
 13211 13213 13213 13213 13213 13213 13213 13213] 
Iteration: 19 
Particle positions: [[-300 -300 -300 -300 -300 -300 -300 -300 -300 -300 -300 -300 -300 -300
  -300 -300 -300 -300 -300 -300]] 
Fitness: [13212 13213 13213 13213 13212 13212 13213 13212 13214 13212 13213 13213
 13213 13213 13212 13213 13212 13212 13212 13213] 
Iteration: 20 
Particle positions: [[-300 -300 -300 -300 -300 -300 -300 -300 -300 -300 -300 -300 -300 -300
  -300 -300 -300 -300 -300 -300]] 
Fitness: [13212 13212 13214 13212 13213 13212 13213 13213 13213 13213 13213 13213
 13213 13213 13212 13212 13213 13213 13213 13213] 
Iteration: 21 
Particle positions: [[-300 -300 -300 -300 -300 -300 -300 -300 -300 -300 -300 -300 -300 -300
  -300 -300 -300 -300 -300 -300]] 
Fitness: [13213 13213 13214 13212 13213 13212 13212 13213 13213 13213 13212 13212
 13213 13212 13212 13213 13213 13213 13213 13212] 
Iteration: 22 
Particle positions: [[-300 -300 -300 -300 -300 -300 -300 -300 -300 -300 -300 -300 -300 -300
  -300 -300 -300 -300 -300 -300]] 
Fitness: [13212 13213 13212 13212 13212 13212 13213 13214 13213 13212 13213 13213
 13213 13212 13213 13213 13212 13213 13212 13213] 
Iteration: 23 
Particle positions: [[-300 -300 -300 -300 -300 -300 -300 -300 -300 -300 -300 -300 -300 -300
  -300 -300 -300 -300 -300 -300]] 
Fitness: [13213 13212 13212 13213 13212 13213 13212 13213 13213 13213 13213 13212
 13214 13213 13213 13212 13212 13212 13214 13212] 
Iteration: 24 
Particle positions: [[-300 -300 -300 -300 -300 -300 -300 -300 -300 -300 -300 -300 -300 -300
  -300 -300 -300 -300 -300 -300]] 
Fitness: [13211 13213 13213 13213 13212 13213 13213 13213 13212 13212 13213 13213
 13213 13212 13213 13213 13212 13212 13212 13213] 
Iteration: 25 
Particle positions: [[-300 -300 -300 -300 -300 -300 -300 -300 -300 -300 -300 -300 -300 -300
  -300 -300 -300 -300 -300 -300]] 
Fitness: [13213 13212 13212 13212 13213 13213 13213 13212 13212 13213 13214 13212
 13213 13213 13213 13213 13213 13213 13213 13213] 
Iteration: 26 
Particle positions: [[-300 -300 -300 -300 -300 -300 -300 -300 -300 -300 -300 -300 -300 -300
  -300 -300 -300 -300 -300 -300]] 
Fitness: [13213 13213 13213 13214 13213 13213 13212 13213 13212 13212 13212 13213
 13213 13213 13213 13213 13213 13212 13213 13213] 
Iteration: 27 
Particle positions: [[-300 -300 -300 -300 -300 -300 -300 -300 -300 -300 -300 -300 -300 -300
  -300 -300 -300 -300 -300 -300]] 
Fitness: [13212 13213 13213 13212 13212 13213 13212 13214 13212 13212 13213 13212
 13213 13212 13212 13213 13213 13213 13213 13213] 
Iteration: 28 
Particle positions: [[-300 -300 -300 -300 -300 -300 -300 -300 -300 -300 -300 -300 -300 -300
  -300 -300 -300 -300 -300 -300]] 
Fitness: [13212 13212 13213 13212 13212 13213 13213 13213 13212 13212 13213 13213
 13213 13212 13212 13212 13212 13213 13212 13214] 
Iteration: 29 
Particle positions: [[-300 -300 -300 -300 -300 -300 -300 -300 -300 -300 -300 -300 -300 -300
  -300 -300 -300 -300 -300 -300]] 
Fitness: [13213 13213 13213 13213 13213 13213 13212 13212 13213 13212 13212 13212
 13214 13212 13213 13213 13214 13213 13212 13212] 
Iteration: 30 
Particle positions: [[-300 -300 -300 -300 -300 -300 -300 -300 -300 -300 -300 -300 -300 -300
  -300 -300 -300 -300 -300 -300]] 
Fitness: [13213 13213 13212 13212 13213 13214 13212 13212 13212 13213 13213 13213
 13213 13213 13213 13213 13211 13213 13213 13212] 
Iteration: 31 
Particle positions: [[-300 -300 -300 -300 -300 -300 -300 -300 -300 -300 -300 -300 -300 -300
  -300 -300 -300 -300 -300 -300]] 
Fitness: [13213 13212 13212 13213 13212 13213 13213 13213 13213 13212 13212 13213
 13212 13212 13212 13214 13212 13213 13212 13213] 
Iteration: 32 
Particle positions: [[-300 -300 -300 -300 -300 -300 -300 -300 -300 -300 -300 -300 -300 -300
  -300 -300 -300 -300 -300 -300]] 
Fitness: [13214 13213 13213 13214 13213 13212 13212 13212 13212 13213 13213 13213
 13213 13212 13212 13213 13213 13213 13212 13213] 
Iteration: 33 
Particle positions: [[-300 -300 -300 -300 -300 -300 -300 -300 -300 -300 -300 -300 -300 -300
  -300 -300 -300 -300 -300 -300]] 
Fitness: [13213 13213 13213 13211 13212 13214 13213 13213 13213 13214 13213 13212
 13213 13213 13212 13213 13213 13213 13214 13212] 
Iteration: 34 
Particle positions: [[-300 -300 -300 -300 -300 -300 -300 -300 -300 -300 -300 -300 -300 -300
  -300 -300 -300 -300 -300 -300]] 
Fitness: [13213 13214 13213 13212 13213 13213 13212 13213 13213 13213 13212 13213
 13213 13212 13213 13213 13212 13213 13213 13213] 
Iteration: 35 
Particle positions: [[-300 -300 -300 -300 -300 -300 -300 -300 -300 -300 -300 -300 -300 -300
  -300 -300 -300 -300 -300 -300]] 
Fitness: [13212 13213 13213 13212 13213 13213 13213 13213 13213 13212 13213 13213
 13212 13212 13213 13214 13213 13213 13212 13213] 
Iteration: 36 
Particle positions: [[-300 -300 -300 -300 -300 -300 -300 -300 -300 -300 -300 -300 -300 -300
  -300 -300 -300 -300 -300 -300]] 
Fitness: [13213 13214 13212 13213 13212 13213 13213 13213 13213 13213 13213 13213
 13213 13213 13213 13213 13212 13212 13214 13213] 
Iteration: 37 
Particle positions: [[-300 -300 -300 -300 -300 -300 -300 -300 -300 -300 -300 -300 -300 -300
  -300 -300 -300 -300 -300 -300]] 
Fitness: [13213 13213 13213 13211 13213 13213 13213 13213 13213 13213 13213 13213
 13213 13212 13211 13212 13213 13213 13213 13212] 
Iteration: 38 
Particle positions: [[-300 -300 -300 -300 -300 -300 -300 -300 -300 -300 -300 -300 -300 -300
  -300 -300 -300 -300 -300 -300]] 
Fitness: [13212 13213 13212 13213 13213 13212 13213 13213 13213 13212 13212 13213
 13213 13212 13212 13213 13213 13213 13212 13213] 
Iteration: 39 
Particle positions: [[-300 -300 -300 -300 -300 -300 -300 -300 -300 -300 -300 -300 -300 -300
  -300 -300 -300 -300 -300 -300]] 
Fitness: [13213 13211 13212 13212 13212 13213 13212 13213 13212 13213 13212 13213
 13213 13213 13213 13213 13213 13213 13212 13212] 
Iteration: 40 
Particle positions: [[-300 -300 -300 -300 -300 -300 -300 -300 -300 -300 -300 -300 -300 -300
  -300 -300 -300 -300 -300 -300]] 
Fitness: [13213 13212 13213 13212 13213 13213 13213 13212 13213 13212 13213 13212
 13213 13213 13213 13213 13213 13213 13214 13213] 
Iteration: 41 
Particle positions: [[-300 -300 -300 -300 -300 -300 -300 -300 -300 -300 -300 -300 -300 -300
  -300 -300 -300 -300 -300 -300]] 
Fitness: [13212 13212 13213 13212 13213 13212 13212 13212 13213 13213 13214 13213
 13213 13214 13213 13214 13212 13213 13213 13212] 
Iteration: 42 
Particle positions: [[-300 -300 -300 -300 -300 -300 -300 -300 -300 -300 -300 -300 -300 -300
  -300 -300 -300 -300 -300 -300]] 
Fitness: [13213 13212 13213 13213 13212 13214 13213 13213 13213 13214 13212 13213
 13213 13212 13213 13213 13213 13213 13214 13214] 
Iteration: 43 
Particle positions: [[-300 -300 -300 -300 -300 -300 -300 -300 -300 -300 -300 -300 -300 -300
  -300 -300 -300 -300 -300 -300]] 
Fitness: [13213 13212 13213 13212 13213 13213 13213 13213 13212 13213 13212 13213
 13214 13213 13213 13213 13213 13214 13213 13213] 
Iteration: 44 
Particle positions: [[-300 -300 -300 -300 -300 -300 -300 -300 -300 -300 -300 -300 -300 -300
  -300 -300 -300 -300 -300 -300]] 
Fitness: [13213 13213 13214 13214 13213 13213 13212 13214 13213 13212 13212 13213
 13214 13212 13213 13213 13212 13213 13212 13213] 
Iteration: 45 
Particle positions: [[-300 -300 -300 -300 -300 -300 -300 -300 -300 -300 -300 -300 -300 -300
  -300 -300 -300 -300 -300 -300]] 
Fitness: [13213 13212 13213 13212 13213 13213 13212 13213 13213 13213 13213 13212
 13213 13213 13212 13213 13212 13212 13213 13212] 
Iteration: 46 
Particle positions: [[-300 -300 -300 -300 -300 -300 -300 -300 -300 -300 -300 -300 -300 -300
  -300 -300 -300 -300 -300 -300]] 
Fitness: [13212 13213 13212 13212 13213 13213 13213 13213 13213 13213 13213 13212
 13214 13213 13212 13213 13213 13213 13213 13213] 
Iteration: 47 
Particle positions: [[-300 -300 -300 -300 -300 -300 -300 -300 -300 -300 -300 -300 -300 -300
  -300 -300 -300 -300 -300 -300]] 
Fitness: [13213 13214 13212 13213 13213 13214 13212 13213 13214 13212 13214 13213
 13213 13213 13213 13212 13212 13214 13213 13213] 
Iteration: 48 
Particle positions: [[-300 -300 -300 -300 -300 -300 -300 -300 -300 -300 -300 -300 -300 -300
  -300 -300 -300 -300 -300 -300]] 
Fitness: [13212 13214 13212 13213 13213 13212 13213 13213 13213 13213 13213 13213
 13213 13213 13213 13213 13214 13213 13214 13213] 
Iteration: 49 
Particle positions: [[-300 -300 -300 -300 -300 -300 -300 -300 -300 -300 -300 -300 -300 -300
  -300 -300 -300 -300 -300 -300]] 
Fitness: [13212 13213 13213 13213 13213 13213 13213 13212 13213 13214 13212 13213
 13214 13212 13213 13212 13213 13214 13213 13213] 
Object: 2 
Iteration: 0 
Particle positions: [[-199  -15 -188  283 -284  163  207 -116  156 -232 -110  216  185 -265
  -178 -286 -295   43  199 -259]] 
Fitness: [13028 11266 12982  6277 13112  8305  7494 12472  8434 13154 12409  7417
  7897 13157 12939 13105 13068 10395  7640 13164] 
Iteration: 1 
Particle positions: [[-300 -239 -300 -116 -282 -300 -179 -161 -300 -254 -272  142 -261 -258
  -247 -284 -240 -300 -300 -260]] 
Fitness: [13048 13162 13049 12473 13117 13048 12944 12850 13048 13167 13145  8687
 13163 13166 13167 13111 13163 13050 13049 13164] 
Iteration: 2 
Particle positions: [[-300 -300 -300 -300 -277 -300 -300 -203 -300 -273 -300 -184 -300 -245
  -300 -224 -198 -300 -300 -249]] 
Fitness: [13048 13049 13049 13049 13132 13049 13049 13044 13048 13141 13047 12965
 13049 13166 13049 13108 13024 13050 13049 13169] 
Iteration: 3 
Particle positions: [[-300 -275 -281 -300 -251 -300 -300 -300 -300 -242 -300 -300 -300 -245
  -221 -300 -218 -300 -300 -240]] 
Fitness: [13047 13138 13122 13049 13169 13049 13049 13047 13048 13166 13048 13049
 13049 13167 13098 13048 13093 13048 13049 13163] 
Iteration: 4 
Particle positions: [[-233 -221 -208 -300 -227 -300 -300 -300 -300 -244 -267 -300 -300 -247
  -200 -300 -283 -300 -300 -247]] 
Fitness: [13156 13100 13061 13048 13113 13048 13048 13050 13049 13165 13156 13047
 13048 13167 13032 13049 13115 13048 13049 13166] 
Iteration: 5 
Particle positions: [[-179 -183 -300 -300 -269 -300 -300 -300 -300 -266 -228 -300 -300 -248
  -300 -300 -265 -300 -300 -256]] 
Fitness: [12942 12962 13049 13048 13150 13048 13048 13048 13049 13155 13116 13049
 13048 13167 13048 13048 13157 13049 13048 13165] 
Iteration: 6 
Particle positions: [[-178 -292 -300 -290 -289 -300 -300 -249 -300 -262 -272 -300 -197 -247
  -242 -192 -197 -300 -300 -252]] 
Fitness: [12938 13082 13049 13090 13093 13048 13049 13167 13048 13161 13145 13049
 13021 13167 13164 12999 13020 13048 13047 13168] 
Iteration: 7 
Particle positions: [[-300 -300 -300 -223 -282 -300 -253 -206 -300 -219 -275 -278 -300 -247
  -194 -300 -206 -264 -295 -239]] 
Fitness: [13048 13049 13049 13105 13118 13049 13168 13055 13048 13094 13137 13130
 13047 13168 13008 13048 13055 13158 13070 13162] 
Iteration: 8 
Particle positions: [[-300 -271 -247 -205 -215 -264 -213 -199 -300 -202 -224 -245 -300 -250
  -217 -300 -246 -215 -219 -258]] 
Fitness: [13048 13146 13167 13052 13084 13158 13078 13028 13048 13040 13106 13166
 13049 13167 13090 13049 13167 13083 13096 13165] 
Iteration: 9 
Particle positions: [[-238 -175 -206 -229 -223 -228 -286 -215 -300 -291 -275 -223 -163 -246
  -292 -278 -284 -282 -161 -255]] 
Fitness: [13162 12926 13056 13117 13105 13115 13105 13085 13048 13086 13138 13106
 12860 13166 13082 13129 13111 13118 12849 13167] 
Iteration: 10 
Particle positions: [[-189 -235 -219 -271 -258 -244 -291 -273 -208 -289 -295 -242 -225 -246
  -219 -258 -273 -251 -300 -247]] 
Fitness: [12987 13159 13095 13146 13165 13166 13088 13142 13062 13094 13070 13165
 13108 13168 13095 13165 13142 13166 13049 13166] 
Iteration: 11 
Particle positions: [[-259 -294 -300 -271 -274 -258 -239 -292 -163 -266 -271 -262 -300 -253
  -211 -238 -247 -224 -274 -246]] 
Fitness: [13164 13074 13049 13148 13141 13164 13163 13082 12861 13155 13147 13161
 13048 13168 13073 13162 13167 13107 13140 13167] 
Iteration: 12 
Particle positions: [[-300 -283 -221 -268 -217 -261 -221 -226 -300 -231 -216 -258 -280 -253
  -300 -240 -229 -269 -248 -253]] 
Fitness: [13048 13115 13100 13153 13089 13161 13099 13112 13047 13120 13088 13164
 13123 13167 13049 13164 13117 13150 13166 13168] 
Iteration: 13 
Particle positions: [[-276 -188 -206 -247 -280 -253 -243 -205 -300 -267 -234 -226 -251 -239
  -238 -260 -240 -253 -229 -250]] 
Fitness: [13136 12983 13055 13167 13123 13167 13167 13052 13049 13154 13158 13110
 13167 13164 13163 13163 13165 13168 13117 13168] 
Iteration: 14 
Particle positions: [[-232 -291 -229 -231 -274 -240 -272 -291 -126 -275 -249 -248 -227 -236
  -198 -259 -274 -241 -277 -245]] 
Fitness: [13156 13087 13118 13120 13140 13165 13144 13086 12566 13137 13168 13168
 13113 13160 13025 13164 13140 13165 13132 13167] 
Iteration: 15 
Particle positions: [[-243 -230 -300 -252 -207 -255 -253 -255 -116 -226 -260 -266 -232 -248
  -234 -254 -203 -237 -223 -243]] 
Fitness: [13166 13119 13050 13168 13058 13166 13167 13166 12472 13111 13165 13156
 13155 13167 13157 13168 13044 13161 13104 13164] 
Iteration: 16 
Particle positions: [[-255 -194 -300 -267 -202 -260 -232 -217 -273 -247 -237 -271 -256 -257
  -296 -244 -261 -250 -261 -257]] 
Fitness: [13165 13007 13049 13153 13039 13162 13154 13090 13142 13166 13162 13146
 13165 13166 13066 13165 13162 13167 13162 13165] 
Iteration: 17 
Particle positions: [[-245 -222 -215 -228 -300 -250 -246 -300 -300 -271 -248 -243 -263 -250
  -238 -251 -298 -262 -274 -254]] 
Fitness: [13168 13102 13083 13115 13048 13167 13167 13049 13049 13146 13166 13168
 13161 13168 13162 13169 13057 13161 13140 13165] 
Iteration: 18 
Particle positions: [[-241 -284 -241 -270 -300 -242 -261 -249 -234 -253 -258 -228 -252 -240
  -213 -253 -182 -247 -230 -241]] 
Fitness: [13164 13111 13164 13149 13049 13164 13162 13168 13158 13167 13165 13115
 13167 13165 13079 13166 12957 13167 13118 13164] 
Iteration: 19 
Particle positions: [[-246 -220 -266 -264 -209 -260 -264 -212 -201 -240 -239 -285 -240 -260
  -212 -250 -293 -244 -246 -242]] 
Fitness: [13168 13098 13155 13159 13065 13163 13159 13075 13036 13163 13162 13109
 13163 13163 13076 13168 13077 13166 13167 13165] 
Iteration: 20 
Particle positions: [[-254 -197 -235 -223 -212 -248 -237 -231 -255 -246 -251 -235 -237 -253
  -243 -246 -300 -244 -261 -260]] 
Fitness: [13166 13021 13158 13105 13076 13168 13160 13120 13167 13167 13168 13160
 13161 13169 13166 13167 13049 13166 13161 13163] 
Iteration: 21 
Particle positions: [[-254 -248 -256 -252 -300 -241 -251 -286 -284 -256 -254 -230 -271 -244
  -272 -246 -230 -266 -227 -238]] 
Fitness: [13166 13167 13168 13167 13049 13165 13167 13105 13113 13166 13165 13119
 13147 13165 13146 13166 13118 13155 13113 13162] 
Iteration: 22 
Particle positions: [[-243 -284 -258 -270 -232 -237 -260 -227 -256 -251 -249 -272 -269 -260
  -202 -254 -212 -260 -216 -235]] 
Fitness: [13166 13112 13165 13149 13156 13162 13162 13112 13166 13168 13167 13144
 13151 13163 13040 13168 13076 13164 13088 13159] 
Iteration: 23 
Particle positions: [[-240 -189 -258 -252 -218 -266 -244 -201 -227 -245 -246 -295 -252 -252
  -206 -248 -261 -239 -253 -277]] 
Fitness: [13164 12987 13165 13168 13093 13155 13166 13036 13113 13166 13166 13069
 13168 13167 13055 13167 13162 13163 13168 13133] 
Iteration: 24 
Particle positions: [[-252 -277 -242 -238 -286 -245 -243 -261 -256 -244 -250 -231 -240 -246
  -300 -247 -271 -238 -270 -243]] 
Fitness: [13167 13133 13166 13161 13105 13167 13166 13162 13167 13166 13168 13120
 13163 13167 13049 13167 13146 13162 13148 13166] 
Iteration: 25 
Particle positions: [[-253 -283 -245 -256 -252 -240 -259 -282 -270 -263 -249 -222 -251 -253
  -189 -248 -206 -257 -259 -235]] 
Fitness: [13169 13115 13166 13165 13168 13164 13164 13117 13149 13160 13166 13103
 13168 13167 12986 13167 13054 13166 13163 13158] 
Iteration: 26 
Particle positions: [[-247 -246 -255 -255 -227 -248 -240 -250 -235 -243 -248 -266 -257 -250
  -181 -254 -300 -256 -233 -279]] 
Fitness: [13167 13168 13166 13166 13112 13166 13163 13167 13159 13166 13167 13156
 13165 13168 12953 13167 13049 13166 13155 13127] 
Iteration: 27 
Particle positions: [[-250 -225 -253 -252 -265 -254 -239 -227 -239 -248 -250 -241 -238 -249
  -266 -248 -270 -252 -254 -263]] 
Fitness: [13167 13109 13167 13167 13157 13167 13163 13113 13163 13166 13168 13164
 13162 13167 13155 13167 13148 13167 13167 13160] 
Iteration: 28 
Particle positions: [[-256 -235 -250 -246 -270 -242 -273 -259 -266 -256 -249 -246 -259 -249
  -278 -247 -211 -244 -258 -221]] 
Fitness: [13166 13160 13167 13168 13149 13165 13142 13166 13156 13166 13168 13167
 13164 13167 13129 13167 13074 13166 13166 13101] 
Iteration: 29 
Particle positions: [[-253 -253 -257 -248 -203 -248 -275 -269 -263 -251 -248 -253 -250 -249
  -216 -252 -231 -247 -251 -225]] 
Fitness: [13167 13166 13166 13167 13044 13167 13137 13149 13160 13168 13167 13167
 13168 13167 13088 13168 13119 13167 13168 13110] 
Iteration: 30 
Particle positions: [[-245 -247 -247 -258 -300 -252 -219 -201 -220 -246 -249 -255 -247 -250
  -244 -252 -284 -261 -244 -259]] 
Fitness: [13165 13168 13167 13164 13049 13168 13094 13036 13098 13167 13167 13167
 13167 13167 13166 13167 13113 13161 13165 13164] 
Iteration: 31 
Particle positions: [[-260 -245 -251 -252 -237 -250 -211 -227 -255 -250 -250 -235 -256 -255
  -266 -244 -265 -249 -254 -254]] 
Fitness: [13163 13166 13167 13167 13161 13167 13071 13112 13166 13168 13169 13159
 13166 13167 13156 13166 13156 13168 13167 13167] 
Iteration: 32 
Particle positions: [[-249 -247 -256 -247 -233 -246 -228 -277 -271 -251 -250 -248 -253 -245
  -235 -251 -219 -243 -253 -242]] 
Fitness: [13167 13167 13166 13167 13157 13169 13115 13132 13147 13167 13168 13167
 13168 13166 13158 13167 13095 13165 13167 13166] 
Iteration: 33 
Particle positions: [[-250 -250 -251 -245 -286 -244 -300 -224 -220 -247 -248 -257 -249 -258
  -239 -251 -275 -260 -245 -254]] 
Fitness: [13168 13167 13167 13165 13105 13166 13049 13107 13097 13167 13167 13165
 13167 13164 13162 13167 13138 13163 13166 13167] 
Iteration: 34 
Particle positions: [[-251 -249 -254 -254 -254 -250 -300 -217 -300 -256 -248 -240 -252 -248
  -246 -249 -278 -259 -249 -251]] 
Fitness: [13167 13167 13166 13167 13166 13168 13048 13091 13048 13166 13168 13163
 13167 13168 13167 13167 13131 13165 13168 13167] 
Iteration: 35 
Particle positions: [[-251 -244 -253 -250 -234 -245 -210 -250 -294 -242 -250 -256 -251 -248
  -256 -249 -247 -228 -251 -244]] 
Fitness: [13166 13166 13167 13168 13157 13165 13068 13168 13073 13165 13167 13167
 13167 13167 13167 13166 13166 13116 13168 13167] 
Iteration: 36 
Particle positions: [[-249 -250 -254 -248 -231 -244 -253 -266 -186 -249 -251 -255 -247 -254
  -249 -249 -233 -274 -252 -257]] 
Fitness: [13168 13168 13167 13168 13120 13166 13167 13155 12975 13168 13167 13167
 13167 13167 13167 13168 13156 13141 13168 13165] 
Iteration: 37 
Particle positions: [[-255 -245 -253 -252 -300 -252 -272 -249 -265 -255 -247 -246 -252 -250
  -243 -250 -254 -250 -254 -241]] 
Fitness: [13167 13166 13167 13168 13048 13168 13144 13167 13158 13165 13167 13168
 13167 13168 13165 13168 13168 13168 13168 13164] 
Iteration: 38 
Particle positions: [[-251 -247 -253 -253 -163 -248 -217 -240 -273 -252 -254 -248 -254 -249
  -250 -251 -255 -241 -247 -260]] 
Fitness: [13168 13167 13166 13167 12860 13167 13091 13163 13142 13168 13167 13168
 13167 13167 13167 13168 13166 13165 13167 13162] 
Iteration: 39 
Particle positions: [[-247 -247 -251 -246 -246 -243 -207 -265 -230 -244 -253 -250 -251 -254
  -250 -250 -245 -246 -248 -256]] 
Fitness: [13166 13167 13168 13168 13167 13166 13060 13157 13119 13166 13167 13167
 13167 13167 13168 13167 13165 13167 13166 13166] 
Iteration: 40 
Particle positions: [[-248 -248 -248 -248 -293 -246 -289 -242 -258 -255 -247 -247 -249 -253
  -248 -250 -256 -254 -256 -238]] 
Fitness: [13167 13167 13168 13167 13079 13168 13093 13165 13166 13166 13168 13167
 13168 13166 13167 13169 13166 13166 13167 13162] 
Iteration: 41 
Particle positions: [[-252 -248 -261 -258 -250 -247 -253 -250 -263 -247 -250 -250 -249 -246
  -249 -250 -250 -255 -251 -241]] 
Fitness: [13168 13167 13162 13164 13169 13168 13168 13167 13159 13167 13168 13168
 13167 13166 13168 13169 13167 13166 13166 13164] 
Iteration: 42 
Particle positions: [[-253 -246 -250 -252 -227 -248 -231 -253 -250 -248 -251 -249 -250 -259
  -251 -250 -249 -248 -247 -257]] 
Fitness: [13167 13167 13169 13167 13114 13167 13120 13167 13168 13167 13167 13167
 13169 13164 13167 13168 13167 13167 13167 13165] 
Iteration: 43 
Particle positions: [[-248 -247 -243 -245 -252 -248 -286 -249 -241 -252 -247 -247 -250 -247
  -249 -250 -249 -247 -247 -237]] 
Fitness: [13166 13166 13165 13165 13167 13167 13105 13168 13164 13167 13167 13165
 13167 13168 13168 13168 13168 13166 13166 13161] 
Iteration: 44 
Particle positions: [[-251 -248 -256 -259 -261 -247 -203 -247 -260 -251 -249 -250 -248 -247
  -249 -249 -258 -255 -259 -261]] 
Fitness: [13166 13168 13166 13163 13161 13166 13045 13167 13162 13167 13167 13169
 13167 13167 13168 13168 13163 13166 13164 13161] 
Iteration: 45 
Particle positions: [[-253 -249 -240 -261 -243 -248 -265 -251 -236 -248 -250 -249 -250 -249
  -250 -251 -255 -252 -241 -239]] 
Fitness: [13168 13169 13161 13161 13166 13168 13157 13167 13161 13167 13168 13168
 13168 13168 13167 13167 13168 13167 13164 13163] 
Iteration: 46 
Particle positions: [[-246 -249 -255 -238 -244 -247 -255 -248 -272 -247 -249 -249 -250 -253
  -249 -248 -241 -250 -252 -244]] 
Fitness: [13166 13167 13166 13162 13166 13168 13167 13167 13145 13167 13168 13168
 13167 13167 13168 13169 13163 13166 13168 13165] 
Iteration: 47 
Particle positions: [[-244 -249 -251 -261 -258 -246 -240 -247 -246 -249 -249 -250 -250 -251
  -248 -249 -252 -253 -257 -258]] 
Fitness: [13165 13167 13168 13162 13164 13166 13163 13167 13167 13168 13167 13167
 13167 13167 13168 13167 13168 13167 13166 13165] 
Iteration: 48 
Particle positions: [[-257 -249 -247 -249 -256 -246 -253 -250 -236 -252 -249 -250 -249 -251
  -250 -250 -256 -251 -240 -252]] 
Fitness: [13165 13168 13167 13169 13165 13166 13167 13168 13160 13168 13167 13168
 13168 13166 13168 13170 13165 13167 13163 13167] 
Iteration: 49 
Particle positions: [[-257 -249 -249 -245 -238 -248 -255 -250 -242 -249 -252 -250 -250 -252
  -251 -250 -253 -251 -254 -241]] 
Fitness: [13165 13168 13168 13167 13162 13168 13167 13168 13166 13167 13167 13168
 13168 13167 13166 13168 13167 13167 13167 13164] 
place side object: 1 
Object: 0 
Iteration: 0 
Particle positions: [[-298 -208 -119  237 -193 -252  111 -169  204  -50 -130 -110  -72   -8
    16  -89  274  121  -12   18]] 
Fitness: [12859 12567 12005  7294 12487 12777  9155 12348  7796 11345 12089 11934
 11550 10835 10521 11708  6739  9078 10885 10495] 
Iteration: 1 
Particle positions: [[-299 -234 -262 -157 -279 -300 -300 -284 -300 -107 -300 -300 -300 -300
  -122 -300 -300 -300 -300 -300]] 
Fitness: [12860 12716 12802 12275 12836 12862 12862 12844 12862 11864 12862 12862
 12862 12861 12029 12861 12861 12861 12861 12861] 
Iteration: 2 
Particle positions: [[-300 -300 -300 -300 -300 -300 -300 -300 -300 -262 -300 -300 -300 -300
  -300 -300 -300 -300 -300 -300]] 
Fitness: [12861 12861 12862 12862 12862 12861 12861 12861 12862 12803 12862 12862
 12861 12861 12861 12861 12861 12862 12862 12861] 
Iteration: 3 
Particle positions: [[-300 -300 -300 -300 -300 -300 -300 -300 -300 -300 -300 -300 -300 -300
  -300 -300 -300 -300 -300 -300]] 
Fitness: [12862 12861 12860 12861 12861 12863 12861 12860 12860 12862 12861 12862
 12861 12861 12861 12862 12861 12861 12862 12861] 
Iteration: 4 
Particle positions: [[-300 -300 -300 -300 -300 -300 -300 -300 -300 -300 -300 -300 -300 -300
  -300 -300 -300 -300 -300 -300]] 
Fitness: [12860 12860 12861 12862 12861 12860 12861 12861 12861 12860 12861 12861
 12861 12861 12862 12861 12861 12861 12861 12861] 
Iteration: 5 
Particle positions: [[-300 -300 -300 -300 -300 -300 -300 -300 -300 -300 -300 -300 -300 -300
  -300 -300 -300 -300 -300 -300]] 
Fitness: [12861 12862 12861 12861 12861 12862 12862 12861 12861 12862 12862 12862
 12861 12861 12861 12861 12861 12862 12862 12861] 
Iteration: 6 
Particle positions: [[-300 -300 -300 -300 -300 -300 -300 -300 -300 -300 -300 -300 -300 -300
  -300 -300 -300 -300 -300 -300]] 
Fitness: [12862 12861 12860 12861 12861 12862 12861 12862 12861 12861 12860 12861
 12862 12862 12861 12860 12861 12861 12862 12860] 
Iteration: 7 
Particle positions: [[-300 -300 -300 -300 -300 -300 -300 -300 -300 -300 -300 -300 -300 -300
  -300 -300 -300 -300 -300 -300]] 
Fitness: [12861 12861 12861 12861 12861 12861 12861 12861 12861 12861 12861 12861
 12860 12862 12861 12861 12861 12861 12861 12861] 
Iteration: 8 
Particle positions: [[-300 -300 -300 -300 -300 -300 -300 -300 -300 -300 -300 -300 -300 -300
  -300 -300 -300 -300 -300 -300]] 
Fitness: [12860 12861 12861 12861 12861 12862 12862 12861 12860 12861 12861 12861
 12861 12861 12861 12861 12861 12861 12861 12861] 
Iteration: 9 
Particle positions: [[-300 -300 -300 -300 -300 -300 -300 -300 -300 -300 -300 -300 -300 -300
  -300 -300 -300 -300 -300 -300]] 
Fitness: [12861 12861 12862 12861 12862 12861 12861 12861 12861 12861 12861 12861
 12861 12861 12861 12862 12861 12861 12861 12861] 
Iteration: 10 
Particle positions: [[-300 -300 -300 -300 -300 -300 -300 -300 -300 -300 -300 -300 -300 -300
  -300 -300 -300 -300 -300 -300]] 
Fitness: [12861 12862 12861 12861 12862 12861 12862 12861 12861 12861 12861 12861
 12861 12861 12861 12861 12861 12861 12861 12861] 
Iteration: 11 
Particle positions: [[-300 -300 -300 -300 -300 -300 -300 -300 -300 -300 -300 -300 -300 -300
  -300 -300 -300 -300 -300 -300]] 
Fitness: [12861 12861 12861 12862 12862 12861 12861 12862 12862 12861 12862 12861
 12862 12860 12862 12861 12861 12862 12861 12862] 
Iteration: 12 
Particle positions: [[-300 -300 -300 -300 -300 -300 -300 -300 -300 -300 -300 -300 -300 -300
  -300 -300 -300 -300 -300 -300]] 
Fitness: [12861 12862 12862 12862 12861 12861 12861 12861 12861 12861 12862 12862
 12861 12861 12860 12861 12861 12861 12861 12862] 
Iteration: 13 
Particle positions: [[-300 -300 -300 -300 -300 -300 -300 -300 -300 -300 -300 -300 -300 -300
  -300 -300 -300 -300 -300 -300]] 
Fitness: [12861 12862 12862 12861 12862 12861 12861 12861 12861 12861 12861 12861
 12860 12861 12860 12862 12862 12862 12862 12861] 
Iteration: 14 
Particle positions: [[-300 -300 -300 -300 -300 -300 -300 -300 -300 -300 -300 -300 -300 -300
  -300 -300 -300 -300 -300 -300]] 
Fitness: [12862 12862 12862 12861 12862 12861 12861 12861 12861 12862 12861 12861
 12862 12862 12861 12861 12861 12861 12861 12863] 
Iteration: 15 
Particle positions: [[-300 -300 -300 -300 -300 -300 -300 -300 -300 -300 -300 -300 -300 -300
  -300 -300 -300 -300 -300 -300]] 
Fitness: [12861 12861 12861 12861 12862 12861 12861 12861 12861 12862 12862 12861
 12862 12861 12861 12861 12861 12861 12861 12861] 
Iteration: 16 
Particle positions: [[-300 -300 -300 -300 -300 -300 -300 -300 -300 -300 -300 -300 -300 -300
  -300 -300 -300 -300 -300 -300]] 
Fitness: [12862 12861 12861 12861 12861 12862 12861 12861 12862 12861 12861 12861
 12862 12861 12862 12861 12861 12860 12862 12861] 
Iteration: 17 
Particle positions: [[-300 -300 -300 -300 -300 -300 -300 -300 -300 -300 -300 -300 -300 -300
  -300 -300 -300 -300 -300 -300]] 
Fitness: [12861 12861 12861 12861 12861 12862 12862 12861 12861 12861 12861 12861
 12861 12861 12861 12861 12862 12861 12861 12861] 
Iteration: 18 
Particle positions: [[-300 -300 -300 -300 -300 -300 -300 -300 -300 -300 -300 -300 -300 -300
  -300 -300 -300 -300 -300 -300]] 
Fitness: [12861 12862 12860 12861 12862 12861 12861 12861 12861 12861 12862 12862
 12861 12861 12861 12861 12861 12861 12861 12861] 
Iteration: 19 
Particle positions: [[-300 -300 -300 -300 -300 -300 -300 -300 -300 -300 -300 -300 -300 -300
  -300 -300 -300 -300 -300 -300]] 
Fitness: [12861 12860 12861 12862 12860 12861 12861 12861 12862 12861 12862 12862
 12861 12861 12861 12861 12862 12861 12861 12861] 
Iteration: 20 
Particle positions: [[-300 -300 -300 -300 -300 -300 -300 -300 -300 -300 -300 -300 -300 -300
  -300 -300 -300 -300 -300 -300]] 
Fitness: [12862 12861 12861 12861 12862 12860 12861 12861 12862 12862 12861 12860
 12861 12861 12861 12860 12861 12861 12861 12862] 
Iteration: 21 
Particle positions: [[-300 -300 -300 -300 -300 -300 -300 -300 -300 -300 -300 -300 -300 -300
  -300 -300 -300 -300 -300 -300]] 
Fitness: [12861 12861 12862 12861 12861 12861 12861 12861 12862 12861 12861 12862
 12861 12861 12861 12861 12861 12861 12860 12861] 
Iteration: 22 
Particle positions: [[-300 -300 -300 -300 -300 -300 -300 -300 -300 -300 -300 -300 -300 -300
  -300 -300 -300 -300 -300 -300]] 
Fitness: [12861 12862 12861 12861 12862 12860 12862 12861 12861 12861 12861 12860
 12861 12861 12861 12861 12861 12862 12862 12862] 
Iteration: 23 
Particle positions: [[-300 -300 -300 -300 -300 -300 -300 -300 -300 -300 -300 -300 -300 -300
  -300 -300 -300 -300 -300 -300]] 
Fitness: [12861 12862 12861 12861 12862 12861 12861 12862 12861 12862 12861 12861
 12861 12861 12861 12861 12861 12861 12861 12861] 
Iteration: 24 
Particle positions: [[-300 -300 -300 -300 -300 -300 -300 -300 -300 -300 -300 -300 -300 -300
  -300 -300 -300 -300 -300 -300]] 
Fitness: [12861 12862 12862 12862 12861 12861 12861 12862 12861 12861 12861 12862
 12861 12862 12861 12862 12861 12861 12861 12861] 
Iteration: 25 
Particle positions: [[-300 -300 -300 -300 -300 -300 -300 -300 -300 -300 -300 -300 -300 -300
  -300 -300 -300 -300 -300 -300]] 
Fitness: [12861 12861 12861 12862 12860 12862 12861 12862 12861 12862 12861 12861
 12861 12861 12862 12862 12862 12862 12861 12861] 
Iteration: 26 
Particle positions: [[-300 -300 -300 -300 -300 -300 -300 -300 -300 -300 -300 -300 -300 -300
  -300 -300 -300 -300 -300 -300]] 
Fitness: [12861 12862 12862 12862 12860 12862 12861 12861 12861 12860 12861 12862
 12861 12861 12861 12861 12861 12862 12860 12861] 
Iteration: 27 
Particle positions: [[-300 -300 -300 -300 -300 -300 -300 -300 -300 -300 -300 -300 -300 -300
  -300 -300 -300 -300 -300 -300]] 
Fitness: [12861 12861 12861 12861 12861 12861 12862 12861 12861 12862 12861 12862
 12861 12861 12860 12862 12861 12862 12861 12862] 
Iteration: 28 
Particle positions: [[-300 -300 -300 -300 -300 -300 -300 -300 -300 -300 -300 -300 -300 -300
  -300 -300 -300 -300 -300 -300]] 
Fitness: [12861 12861 12860 12861 12861 12862 12860 12861 12862 12861 12861 12861
 12862 12861 12861 12862 12861 12861 12862 12861] 
Iteration: 29 
Particle positions: [[-300 -300 -300 -300 -300 -300 -300 -300 -300 -300 -300 -300 -300 -300
  -300 -300 -300 -300 -300 -300]] 
Fitness: [12861 12862 12861 12861 12861 12861 12861 12862 12862 12861 12861 12861
 12862 12861 12861 12862 12861 12862 12861 12862] 
Iteration: 30 
Particle positions: [[-300 -300 -300 -300 -300 -300 -300 -300 -300 -300 -300 -300 -300 -300
  -300 -300 -300 -300 -300 -300]] 
Fitness: [12861 12861 12861 12861 12861 12861 12861 12862 12860 12862 12860 12861
 12862 12862 12861 12862 12861 12861 12861 12861] 
Iteration: 31 
Particle positions: [[-300 -300 -300 -300 -300 -300 -300 -300 -300 -300 -300 -300 -300 -300
  -300 -300 -300 -300 -300 -300]] 
Fitness: [12862 12861 12861 12862 12861 12861 12860 12861 12861 12861 12861 12861
 12862 12861 12861 12861 12861 12862 12862 12862] 
Iteration: 32 
Particle positions: [[-300 -300 -300 -300 -300 -300 -300 -300 -300 -300 -300 -300 -300 -300
  -300 -300 -300 -300 -300 -300]] 
Fitness: [12861 12862 12861 12862 12861 12861 12862 12861 12861 12861 12862 12861
 12862 12861 12863 12861 12861 12862 12862 12862] 
Iteration: 33 
Particle positions: [[-300 -300 -300 -300 -300 -300 -300 -300 -300 -300 -300 -300 -300 -300
  -300 -300 -300 -300 -300 -300]] 
Fitness: [12862 12861 12861 12861 12862 12861 12862 12862 12861 12861 12861 12862
 12861 12861 12860 12862 12862 12861 12860 12861] 
Iteration: 34 
Particle positions: [[-300 -300 -300 -300 -300 -300 -300 -300 -300 -300 -300 -300 -300 -300
  -300 -300 -300 -300 -300 -300]] 
Fitness: [12861 12861 12861 12861 12862 12861 12861 12861 12861 12861 12862 12861
 12861 12862 12861 12861 12862 12861 12861 12861] 
Iteration: 35 
Particle positions: [[-300 -300 -300 -300 -300 -300 -300 -300 -300 -300 -300 -300 -300 -300
  -300 -300 -300 -300 -300 -300]] 
Fitness: [12861 12861 12861 12862 12861 12862 12862 12861 12861 12862 12862 12861
 12861 12862 12861 12862 12862 12861 12862 12862] 
Iteration: 36 
Particle positions: [[-300 -300 -300 -300 -300 -300 -300 -300 -300 -300 -300 -300 -300 -300
  -300 -300 -300 -300 -300 -300]] 
Fitness: [12861 12861 12861 12861 12862 12862 12862 12860 12861 12861 12861 12861
 12861 12861 12861 12862 12861 12861 12862 12862] 
Iteration: 37 
Particle positions: [[-300 -300 -300 -300 -300 -300 -300 -300 -300 -300 -300 -300 -300 -300
  -300 -300 -300 -300 -300 -300]] 
Fitness: [12861 12862 12862 12862 12861 12862 12862 12861 12861 12861 12861 12862
 12860 12861 12861 12861 12861 12861 12861 12861] 
Iteration: 38 
Particle positions: [[-300 -300 -300 -300 -300 -300 -300 -300 -300 -300 -300 -300 -300 -300
  -300 -300 -300 -300 -300 -300]] 
Fitness: [12861 12861 12861 12862 12861 12861 12860 12862 12861 12861 12861 12861
 12861 12862 12862 12861 12862 12862 12862 12861] 
Iteration: 39 
Particle positions: [[-300 -300 -300 -300 -300 -300 -300 -300 -300 -300 -300 -300 -300 -300
  -300 -300 -300 -300 -300 -300]] 
Fitness: [12861 12862 12862 12861 12861 12861 12861 12861 12862 12861 12861 12861
 12861 12861 12861 12860 12861 12861 12862 12862] 
Iteration: 40 
Particle positions: [[-300 -300 -300 -300 -300 -300 -300 -300 -300 -300 -300 -300 -300 -300
  -300 -300 -300 -300 -300 -300]] 
Fitness: [12861 12862 12861 12861 12861 12862 12861 12861 12861 12861 12861 12860
 12861 12862 12861 12862 12860 12861 12861 12861] 
Iteration: 41 
Particle positions: [[-300 -300 -300 -300 -300 -300 -300 -300 -300 -300 -300 -300 -300 -300
  -300 -300 -300 -300 -300 -300]] 
Fitness: [12861 12861 12862 12861 12861 12861 12862 12861 12861 12860 12862 12862
 12862 12862 12861 12861 12861 12861 12862 12861] 
Iteration: 42 
Particle positions: [[-300 -300 -300 -300 -300 -300 -300 -300 -300 -300 -300 -300 -300 -300
  -300 -300 -300 -300 -300 -300]] 
Fitness: [12862 12861 12862 12861 12861 12861 12861 12862 12863 12861 12862 12861
 12861 12861 12861 12860 12862 12862 12861 12861] 
Iteration: 43 
Particle positions: [[-300 -300 -300 -300 -300 -300 -300 -300 -300 -300 -300 -300 -300 -300
  -300 -300 -300 -300 -300 -300]] 
Fitness: [12860 12861 12862 12861 12862 12862 12862 12860 12862 12861 12862 12861
 12861 12861 12862 12861 12861 12862 12861 12861] 
Iteration: 44 
Particle positions: [[-300 -300 -300 -300 -300 -300 -300 -300 -300 -300 -300 -300 -300 -300
  -300 -300 -300 -300 -300 -300]] 
Fitness: [12861 12861 12861 12861 12861 12861 12861 12861 12861 12862 12861 12861
 12861 12861 12862 12861 12861 12861 12861 12863] 
Iteration: 45 
Particle positions: [[-300 -300 -300 -300 -300 -300 -300 -300 -300 -300 -300 -300 -300 -300
  -300 -300 -300 -300 -300 -300]] 
Fitness: [12862 12861 12861 12861 12861 12862 12861 12861 12861 12862 12860 12862
 12862 12862 12861 12861 12861 12862 12861 12861] 
Iteration: 46 
Particle positions: [[-300 -300 -300 -300 -300 -300 -300 -300 -300 -300 -300 -300 -300 -300
  -300 -300 -300 -300 -300 -300]] 
Fitness: [12861 12861 12861 12861 12861 12861 12861 12862 12861 12861 12862 12861
 12861 12861 12862 12860 12862 12861 12862 12861] 
Iteration: 47 
Particle positions: [[-300 -300 -300 -300 -300 -300 -300 -300 -300 -300 -300 -300 -300 -300
  -300 -300 -300 -300 -300 -300]] 
Fitness: [12862 12862 12862 12861 12860 12862 12861 12860 12860 12861 12861 12862
 12861 12861 12861 12861 12861 12862 12861 12863] 
Iteration: 48 
Particle positions: [[-300 -300 -300 -300 -300 -300 -300 -300 -300 -300 -300 -300 -300 -300
  -300 -300 -300 -300 -300 -300]] 
Fitness: [12861 12861 12862 12861 12861 12861 12861 12862 12861 12861 12861 12861
 12861 12861 12861 12862 12862 12861 12861 12860] 
Iteration: 49 
Particle positions: [[-300 -300 -300 -300 -300 -300 -300 -300 -300 -300 -300 -300 -300 -300
  -300 -300 -300 -300 -300 -300]] 
Fitness: [12862 12862 12861 12861 12862 12861 12861 12861 12861 12862 12861 12861
 12861 12861 12861 12861 12862 12862 12862 12861] 
Object: 1 
Iteration: 0 
Particle positions: [[ 125 -153   72 -267  -50  -63   74  -82   69 -214  273  261  228  -62
   -72  235 -201 -106   49 -256]] 
Fitness: [ 9417 12741 10242 13157 11880 12003 10212 12169 10288 13021  6990  7197
  7761 11994 12084  7638 12972 12371 10583 13149] 
Iteration: 1 
Particle positions: [[-300 -251 -300 -267 -291 -178 -300 -291 -249 -221 -105  215   74 -239
  -233 -300 -300 -110 -220 -257]] 
Fitness: [13132 13143 13132 13156 13144 12874 13132 13145 13141 13043 12364  7985
 10212 13091 13077 13131 13132 12404 13041 13149] 
Iteration: 2 
Particle positions: [[-300 -300 -300 -267 -300 -300 -300 -300 -300 -294 -300  -57 -300 -300
  -300 -300 -300 -300 -300 -267]] 
Fitness: [13132 13131 13131 13157 13132 13131 13131 13132 13131 13141 13131 11947
 13132 13130 13132 13131 13132 13130 13131 13158] 
Iteration: 3 
Particle positions: [[-300 -281 -300 -268 -300 -300 -300 -300 -300 -300 -300 -300 -300 -300
  -300 -300 -300 -300 -300 -276]] 
Fitness: [13131 13153 13131 13157 13131 13131 13132 13131 13132 13131 13131 13132
 13132 13132 13132 13130 13131 13131 13131 13156] 
Iteration: 4 
Particle positions: [[-300 -257 -300 -267 -300 -300 -300 -300 -300 -292 -300 -300 -300 -300
  -300 -300 -300 -300 -300 -259]] 
Fitness: [13131 13150 13132 13156 13131 13132 13131 13132 13132 13144 13130 13131
 13131 13131 13131 13131 13132 13131 13131 13151] 
Iteration: 5 
Particle positions: [[-300 -291 -300 -268 -300 -300 -300 -300 -253 -262 -300 -300 -300 -300
  -300 -300 -285 -300 -300 -255]] 
Fitness: [13131 13144 13131 13156 13131 13131 13132 13132 13146 13154 13131 13131
 13131 13131 13131 13131 13151 13131 13131 13148] 
Iteration: 6 
Particle positions: [[-300 -280 -300 -266 -258 -300 -300 -285 -230 -242 -300 -300 -300 -242
  -300 -300 -269 -300 -300 -259]] 
Fitness: [13131 13154 13132 13156 13151 13132 13132 13151 13069 13096 13130 13132
 13131 13096 13132 13130 13157 13131 13130 13152] 
Iteration: 7 
Particle positions: [[-300 -264 -300 -269 -232 -300 -300 -266 -235 -264 -296 -300 -300 -268
  -297 -300 -253 -300 -260 -287]] 
Fitness: [13131 13155 13131 13156 13074 13131 13131 13156 13082 13154 13137 13131
 13132 13157 13136 13131 13146 13131 13153 13148] 
Iteration: 8 
Particle positions: [[-300 -255 -290 -267 -288 -287 -266 -251 -284 -280 -262 -300 -300 -288
  -266 -300 -271 -256 -239 -248]] 
Fitness: [13130 13148 13145 13156 13147 13148 13156 13143 13152 13154 13154 13131
 13131 13147 13156 13130 13157 13149 13089 13139] 
Iteration: 9 
Particle positions: [[-300 -284 -247 -266 -272 -255 -239 -275 -300 -253 -243 -282 -300 -298
  -241 -300 -281 -230 -286 -243]] 
Fitness: [13131 13153 13138 13156 13157 13148 13090 13157 13131 13145 13131 13153
 13131 13135 13094 13131 13154 13070 13150 13132] 
Iteration: 10 
Particle positions: [[-274 -265 -249 -267 -253 -252 -250 -294 -282 -258 -270 -256 -266 -221
  -252 -300 -270 -300 -280 -300]] 
Fitness: [13157 13156 13141 13156 13147 13145 13142 13140 13154 13152 13157 13149
 13157 13043 13145 13131 13157 13131 13155 13131] 
Iteration: 11 
Particle positions: [[-242 -251 -300 -268 -297 -300 -284 -229 -252 -282 -292 -275 -240 -214
  -300 -288 -253 -233 -274 -296]] 
Fitness: [13097 13144 13131 13158 13137 13131 13151 13067 13145 13154 13143 13157
 13092 13021 13131 13148 13146 13077 13156 13137] 
Iteration: 12 
Particle positions: [[-276 -251 -300 -268 -280 -300 -261 -199 -263 -270 -241 -281 -282 -285
  -252 -274 -283 -265 -262 -239]] 
Fitness: [13156 13144 13131 13157 13155 13131 13153 12963 13155 13158 13094 13155
 13155 13152 13144 13157 13152 13155 13152 13091] 
Iteration: 13 
Particle positions: [[-289 -283 -286 -266 -243 -251 -255 -300 -279 -259 -274 -281 -268 -290
  -227 -250 -291 -293 -266 -274]] 
Fitness: [13147 13152 13150 13156 13131 13144 13147 13131 13154 13152 13157 13154
 13156 13145 13061 13143 13144 13141 13156 13158] 
Iteration: 14 
Particle positions: [[-248 -291 -264 -267 -259 -268 -285 -300 -239 -265 -281 -264 -256 -250
  -300 -298 -246 -282 -274 -292]] 
Fitness: [13139 13144 13155 13157 13153 13157 13151 13131 13090 13156 13154 13155
 13149 13143 13131 13135 13137 13154 13156 13143] 
Iteration: 15 
Particle positions: [[-259 -230 -248 -269 -284 -281 -256 -266 -273 -276 -256 -264 -259 -258
  -261 -261 -248 -242 -268 -270]] 
Fitness: [13152 13069 13139 13156 13152 13154 13149 13156 13157 13157 13149 13155
 13152 13150 13154 13153 13140 13096 13157 13158] 
Iteration: 16 
Particle positions: [[-279 -221 -263 -266 -257 -275 -247 -248 -292 -277 -253 -273 -274 -279
  -247 -240 -289 -271 -263 -248]] 
Fitness: [13156 13044 13155 13156 13150 13156 13138 13139 13143 13156 13147 13157
 13157 13155 13138 13091 13147 13157 13155 13139] 
Iteration: 17 
Particle positions: [[-266 -300 -279 -266 -254 -253 -255 -300 -272 -260 -274 -272 -269 -263
  -283 -265 -299 -290 -270 -278]] 
Fitness: [13155 13130 13155 13156 13147 13146 13148 13131 13157 13152 13157 13157
 13157 13156 13151 13155 13132 13145 13157 13157] 
Iteration: 18 
Particle positions: [[-264 -266 -283 -268 -271 -275 -264 -277 -256 -271 -278 -271 -260 -263
  -273 -300 -260 -255 -267 -277]] 
Fitness: [13154 13155 13152 13158 13156 13156 13154 13156 13150 13156 13155 13156
 13152 13155 13157 13130 13153 13148 13156 13156] 
Iteration: 19 
Particle positions: [[-270 -240 -247 -268 -276 -280 -275 -239 -284 -272 -262 -274 -274 -272
  -261 -268 -256 -268 -267 -257]] 
Fitness: [13157 13092 13139 13157 13156 13154 13156 13090 13152 13157 13154 13157
 13157 13157 13155 13157 13149 13158 13157 13150] 
Iteration: 20 
Particle positions: [[-273 -243 -265 -267 -264 -261 -257 -260 -280 -265 -264 -271 -277 -268
  -278 -245 -277 -276 -268 -271]] 
Fitness: [13156 13132 13156 13157 13155 13153 13150 13152 13154 13156 13156 13157
 13156 13156 13156 13135 13156 13156 13157 13156] 
Iteration: 21 
Particle positions: [[-270 -300 -278 -267 -258 -262 -274 -300 -256 -266 -277 -269 -270 -265
  -273 -273 -267 -258 -268 -268]] 
Fitness: [13157 13131 13155 13156 13150 13154 13156 13132 13149 13156 13156 13157
 13157 13156 13157 13157 13156 13151 13157 13156] 
Iteration: 22 
Particle positions: [[-268 -277 -258 -267 -259 -275 -260 -268 -243 -268 -263 -272 -256 -266
  -269 -292 -260 -263 -268 -264]] 
Fitness: [13156 13156 13151 13157 13152 13158 13153 13157 13131 13158 13154 13157
 13150 13157 13157 13142 13152 13156 13157 13155] 
Iteration: 23 
Particle positions: [[-265 -234 -264 -268 -266 -272 -271 -249 -296 -273 -263 -274 -269 -269
  -271 -265 -265 -281 -267 -266]] 
Fitness: [13155 13080 13156 13157 13157 13157 13157 13141 13136 13157 13155 13157
 13157 13157 13157 13155 13155 13154 13155 13157] 
Iteration: 24 
Particle positions: [[-278 -246 -270 -267 -283 -270 -277 -252 -292 -271 -274 -277 -272 -267
  -272 -252 -278 -262 -268 -268]] 
Fitness: [13155 13137 13157 13156 13151 13157 13156 13145 13144 13157 13157 13156
 13157 13156 13157 13145 13155 13154 13157 13157] 
Iteration: 25 
Particle positions: [[-278 -290 -268 -267 -275 -266 -251 -282 -244 -262 -276 -270 -262 -267
  -271 -286 -256 -262 -268 -266]] 
Fitness: [13156 13146 13158 13156 13156 13155 13144 13152 13132 13153 13156 13157
 13153 13156 13157 13149 13149 13154 13157 13157] 
Iteration: 26 
Particle positions: [[-265 -260 -266 -269 -268 -266 -244 -295 -261 -263 -268 -263 -267 -268
  -271 -264 -262 -278 -268 -267]] 
Fitness: [13155 13152 13156 13157 13157 13155 13131 13139 13154 13154 13157 13155
 13157 13158 13156 13155 13153 13156 13157 13157] 
Iteration: 27 
Particle positions: [[-259 -260 -269 -267 -267 -281 -289 -270 -297 -273 -264 -269 -269 -267
  -269 -260 -270 -252 -266 -267]] 
Fitness: [13151 13153 13157 13156 13156 13155 13147 13157 13136 13157 13155 13157
 13157 13157 13157 13151 13157 13145 13156 13157] 
Iteration: 28 
Particle positions: [[-275 -271 -269 -267 -271 -275 -271 -260 -234 -274 -277 -278 -264 -266
  -272 -276 -269 -257 -269 -267]] 
Fitness: [13157 13157 13157 13156 13157 13156 13157 13152 13080 13157 13156 13156
 13155 13155 13156 13157 13157 13150 13156 13156] 
Iteration: 29 
Particle positions: [[-280 -276 -268 -267 -266 -266 -256 -268 -274 -261 -267 -273 -263 -269
  -272 -278 -268 -264 -267 -267]] 
Fitness: [13155 13157 13157 13157 13157 13156 13148 13156 13157 13153 13156 13157
 13154 13156 13157 13155 13156 13155 13156 13156] 
Iteration: 30 
Particle positions: [[-268 -266 -267 -268 -268 -278 -280 -279 -286 -274 -265 -271 -269 -266
  -264 -264 -267 -279 -266 -267]] 
Fitness: [13157 13156 13155 13157 13157 13156 13154 13154 13150 13157 13156 13156
 13157 13156 13155 13156 13157 13155 13156 13156] 
Iteration: 31 
Particle positions: [[-267 -270 -267 -266 -272 -265 -283 -277 -273 -270 -269 -272 -266 -268
  -269 -259 -269 -249 -270 -267]] 
Fitness: [13155 13157 13155 13155 13157 13155 13152 13155 13157 13157 13156 13158
 13156 13157 13157 13151 13156 13141 13156 13156] 
Iteration: 32 
Particle positions: [[-274 -270 -267 -267 -270 -267 -252 -267 -263 -262 -270 -271 -265 -268
  -272 -270 -267 -268 -265 -267]] 
Fitness: [13156 13158 13157 13156 13158 13156 13145 13157 13154 13155 13157 13156
 13155 13156 13157 13157 13157 13157 13156 13158] 
Iteration: 33 
Particle positions: [[-264 -267 -268 -269 -264 -281 -246 -266 -263 -281 -270 -263 -268 -267
  -265 -277 -266 -277 -267 -267]] 
Fitness: [13154 13157 13157 13157 13155 13154 13137 13157 13154 13154 13157 13154
 13157 13156 13155 13155 13157 13156 13156 13156] 
Iteration: 34 
Particle positions: [[-277 -271 -267 -266 -272 -271 -300 -272 -270 -280 -265 -263 -267 -267
  -277 -275 -269 -254 -269 -267]] 
Fitness: [13156 13158 13156 13156 13157 13157 13131 13157 13157 13156 13155 13155
 13156 13157 13155 13156 13157 13148 13158 13157] 
Iteration: 35 
Particle positions: [[-273 -268 -266 -269 -266 -268 -277 -268 -279 -266 -268 -283 -266 -269
  -261 -259 -270 -285 -267 -267]] 
Fitness: [13157 13156 13156 13156 13155 13157 13156 13156 13155 13156 13156 13152
 13155 13157 13154 13152 13157 13150 13156 13156] 
Iteration: 36 
Particle positions: [[-261 -268 -270 -266 -264 -276 -249 -274 -263 -265 -268 -254 -267 -267
  -274 -283 -267 -248 -268 -267]] 
Fitness: [13152 13157 13156 13156 13155 13157 13141 13156 13155 13156 13158 13147
 13156 13156 13157 13153 13157 13139 13157 13157] 
Iteration: 37 
Particle positions: [[-255 -269 -269 -267 -276 -274 -281 -264 -272 -269 -266 -274 -267 -267
  -275 -265 -267 -300 -269 -267]] 
Fitness: [13147 13157 13157 13158 13156 13156 13154 13155 13156 13157 13156 13156
 13156 13156 13157 13155 13157 13131 13158 13156] 
Iteration: 38 
Particle positions: [[-284 -269 -265 -269 -277 -267 -274 -269 -272 -271 -266 -271 -266 -267
  -270 -256 -270 -285 -268 -267]] 
Fitness: [13152 13157 13155 13157 13156 13156 13156 13157 13157 13156 13155 13156
 13155 13157 13158 13149 13157 13152 13157 13157] 
Iteration: 39 
Particle positions: [[-262 -265 -266 -268 -253 -272 -252 -279 -270 -270 -269 -266 -266 -268
  -262 -281 -270 -214 -268 -267]] 
Fitness: [13153 13156 13156 13156 13145 13156 13145 13155 13157 13157 13157 13156
 13156 13156 13155 13153 13156 13020 13157 13156] 
Iteration: 40 
Particle positions: [[-275 -272 -269 -265 -294 -269 -295 -264 -268 -268 -266 -268 -266 -267
  -264 -266 -266 -300 -268 -267]] 
Fitness: [13157 13157 13157 13155 13140 13156 13139 13155 13156 13157 13156 13156
 13155 13157 13155 13156 13156 13131 13158 13156] 
Iteration: 41 
Particle positions: [[-278 -270 -268 -269 -266 -272 -278 -279 -269 -267 -266 -273 -267 -266
  -269 -265 -266 -280 -267 -267]] 
Fitness: [13155 13156 13157 13157 13156 13158 13155 13155 13156 13156 13156 13157
 13156 13156 13156 13155 13156 13154 13156 13157] 
Iteration: 42 
Particle positions: [[-259 -267 -267 -267 -253 -270 -256 -270 -266 -270 -270 -267 -267 -271
  -270 -282 -267 -231 -267 -267]] 
Fitness: [13152 13158 13157 13156 13146 13156 13150 13156 13156 13157 13158 13156
 13157 13157 13157 13154 13155 13072 13156 13156] 
Iteration: 43 
Particle positions: [[-269 -266 -268 -267 -273 -267 -269 -263 -279 -269 -270 -273 -266 -268
  -266 -254 -270 -289 -268 -267]] 
Fitness: [13156 13156 13158 13156 13156 13156 13157 13154 13156 13156 13156 13157
 13156 13156 13157 13147 13158 13147 13157 13156] 
Iteration: 44 
Particle positions: [[-281 -267 -268 -269 -276 -279 -274 -279 -263 -268 -264 -272 -267 -266
  -268 -253 -270 -300 -269 -267]] 
Fitness: [13154 13156 13157 13157 13156 13155 13157 13155 13155 13157 13154 13157
 13156 13155 13156 13146 13156 13132 13157 13156] 
Iteration: 45 
Particle positions: [[-280 -268 -266 -267 -259 -277 -259 -271 -266 -267 -264 -267 -266 -267
  -269 -256 -269 -198 -268 -267]] 
Fitness: [13155 13157 13155 13157 13151 13156 13153 13157 13157 13156 13156 13157
 13156 13156 13157 13150 13156 12958 13157 13156] 
Iteration: 46 
Particle positions: [[-252 -270 -268 -267 -276 -261 -261 -263 -283 -267 -268 -265 -267 -268
  -267 -284 -267 -300 -268 -267]] 
Fitness: [13145 13157 13157 13157 13156 13153 13154 13155 13152 13156 13157 13155
 13157 13158 13157 13152 13156 13132 13156 13156] 
Iteration: 47 
Particle positions: [[-276 -267 -268 -267 -273 -277 -275 -272 -285 -271 -269 -276 -266 -266
  -268 -253 -271 -300 -268 -267]] 
Fitness: [13155 13155 13156 13156 13156 13156 13157 13157 13152 13157 13157 13156
 13156 13156 13157 13145 13157 13130 13157 13157] 
Iteration: 48 
Particle positions: [[-281 -267 -267 -269 -258 -268 -273 -275 -269 -268 -264 -268 -266 -270
  -269 -271 -271 -258 -267 -267]] 
Fitness: [13155 13156 13157 13157 13152 13157 13156 13157 13157 13157 13155 13157
 13157 13158 13157 13157 13158 13151 13157 13156] 
Iteration: 49 
Particle positions: [[-267 -267 -266 -267 -270 -271 -262 -270 -260 -268 -274 -268 -266 -268
  -270 -278 -262 -269 -270 -267]] 
Fitness: [13155 13156 13156 13157 13157 13157 13155 13157 13153 13157 13156 13157
 13156 13157 13157 13155 13153 13157 13156 13157] 
place side object: 2 
Object: 0 
Iteration: 0 
Particle positions: [[-157 -270 -293  201 -280  213 -210   29  283 -180  116 -177  261  108
   -68 -281 -220   75  164 -207]] 
Fitness: [12323 12612 12601  8717 12611  8555 12491 10898  7582 12410  9817 12399
  7892  9921 11766 12610 12517 10343  9233 12485] 
Iteration: 1 
Particle positions: [[-270 -270 -256 -202 -271 -282 -215 -300 -300 -231 -300 -300 -300    9
  -300 -261 -299 -300 -190 -289]] 
Fitness: [12611 12612 12569 12472 12612 12610 12505 12595 12594 12539 12594 12594
 12594 11088 12594 12572 12595 12594 12440 12606] 
Iteration: 2 
Particle positions: [[-300 -270 -300 -300 -262 -300 -242 -300 -300 -293 -300 -300 -300 -300
  -300 -244 -300 -300 -300 -300]] 
Fitness: [12594 12612 12593 12594 12610 12594 12556 12595 12594 12602 12593 12593
 12594 12594 12594 12558 12594 12594 12595 12594] 
Iteration: 3 
Particle positions: [[-300 -272 -300 -300 -284 -300 -300 -300 -300 -300 -300 -300 -300 -300
  -300 -300 -300 -300 -300 -300]] 
Fitness: [12594 12612 12593 12594 12608 12595 12593 12594 12595 12594 12594 12593
 12593 12594 12594 12594 12594 12594 12593 12594] 
Iteration: 4 
Particle positions: [[-234 -273 -268 -300 -256 -300 -300 -300 -300 -300 -300 -300 -300 -300
  -300 -295 -300 -300 -300 -256]] 
Fitness: [12544 12612 12612 12594 12570 12594 12594 12594 12594 12593 12593 12593
 12594 12594 12594 12600 12594 12593 12593 12570] 
Iteration: 5 
Particle positions: [[-242 -270 -243 -300 -275 -300 -300 -300 -300 -300 -300 -300 -300 -300
  -300 -234 -248 -300 -300 -266]] 
Fitness: [12556 12612 12556 12594 12613 12594 12595 12593 12594 12595 12595 12594
 12594 12594 12593 12544 12563 12593 12594 12611] 
Iteration: 6 
Particle positions: [[-300 -273 -255 -300 -291 -300 -290 -300 -300 -265 -300 -291 -300 -300
  -300 -300 -286 -300 -300 -280]] 
Fitness: [12594 12612 12568 12594 12604 12594 12605 12594 12594 12612 12593 12605
 12594 12595 12594 12594 12607 12594 12594 12611] 
Iteration: 7 
Particle positions: [[-300 -276 -289 -300 -265 -300 -254 -300 -300 -247 -300 -271 -300 -300
  -300 -300 -300 -300 -300 -258]] 
Fitness: [12594 12613 12606 12594 12612 12594 12569 12594 12594 12562 12594 12612
 12593 12593 12595 12594 12595 12594 12594 12571] 
Iteration: 8 
Particle positions: [[-277 -277 -258 -300 -256 -300 -260 -300 -300 -279 -300 -260 -300 -300
  -300 -300 -268 -300 -300 -264]] 
Fitness: [12612 12612 12571 12594 12569 12593 12572 12593 12594 12612 12593 12571
 12594 12593 12594 12594 12613 12593 12593 12611] 
Iteration: 9 
Particle positions: [[-255 -273 -242 -300 -283 -274 -300 -300 -300 -281 -268 -260 -300 -300
  -300 -300 -248 -285 -275 -289]] 
Fitness: [12568 12613 12555 12593 12610 12613 12593 12593 12594 12610 12612 12571
 12594 12594 12594 12594 12563 12609 12612 12605] 
Iteration: 10 
Particle positions: [[-275 -275 -300 -295 -293 -254 -300 -300 -300 -249 -250 -269 -300 -300
  -276 -261 -264 -270 -254 -282]] 
Fitness: [12612 12612 12594 12600 12601 12567 12593 12593 12595 12563 12565 12612
 12593 12593 12612 12572 12611 12612 12568 12611] 
Iteration: 11 
Particle positions: [[-293 -277 -300 -279 -285 -300 -290 -287 -300 -268 -272 -284 -300 -300
  -256 -247 -293 -263 -270 -269]] 
Fitness: [12602 12612 12593 12612 12608 12594 12605 12607 12593 12612 12612 12609
 12594 12593 12569 12562 12601 12612 12613 12613] 
Iteration: 12 
Particle positions: [[-275 -275 -240 -264 -258 -288 -271 -261 -300 -293 -284 -268 -300 -268
  -282 -300 -294 -286 -290 -264]] 
Fitness: [12612 12613 12553 12611 12571 12606 12612 12572 12594 12602 12610 12612
 12594 12612 12610 12594 12601 12608 12605 12611] 
Iteration: 13 
Particle positions: [[-265 -274 -245 -278 -280 -243 -256 -300 -279 -286 -274 -273 -278 -244
  -293 -300 -238 -277 -243 -280]] 
Fitness: [12611 12613 12560 12611 12611 12557 12570 12595 12611 12608 12613 12613
 12612 12558 12602 12594 12551 12612 12556 12612] 
Iteration: 14 
Particle positions: [[-284 -276 -284 -287 -283 -249 -284 -300 -256 -265 -266 -277 -261 -300
  -253 -300 -242 -269 -280 -286]] 
Fitness: [12608 12612 12609 12608 12610 12564 12610 12594 12569 12612 12612 12612
 12572 12595 12566 12593 12555 12612 12610 12608] 
Iteration: 15 
Particle positions: [[-282 -276 -274 -280 -270 -300 -287 -251 -274 -250 -278 -276 -285 -276
  -272 -227 -299 -265 -286 -264]] 
Fitness: [12610 12613 12613 12610 12613 12594 12607 12565 12612 12565 12612 12611
 12609 12612 12613 12531 12596 12611 12608 12611] 
Iteration: 16 
Particle positions: [[-268 -275 -267 -273 -270 -300 -268 -269 -289 -282 -279 -271 -285 -255
  -289 -291 -300 -275 -264 -255]] 
Fitness: [12612 12612 12613 12612 12612 12595 12613 12611 12606 12610 12611 12612
 12609 12569 12607 12604 12594 12612 12611 12569] 
Iteration: 17 
Particle positions: [[-274 -275 -280 -280 -276 -287 -266 -288 -276 -282 -267 -271 -269 -281
  -282 -300 -230 -280 -268 -269]] 
Fitness: [12613 12612 12611 12610 12613 12607 12612 12608 12612 12609 12612 12613
 12613 12611 12610 12594 12536 12612 12612 12612] 
Iteration: 18 
Particle positions: [[-279 -276 -272 -275 -280 -264 -276 -288 -262 -268 -282 -280 -260 -271
  -265 -255 -300 -275 -275 -288]] 
Fitness: [12611 12612 12612 12612 12611 12611 12612 12607 12611 12612 12610 12611
 12572 12612 12611 12569 12594 12611 12612 12607] 
Iteration: 19 
Particle positions: [[-274 -276 -267 -271 -277 -269 -272 -274 -285 -264 -272 -278 -275 -268
  -260 -270 -288 -270 -279 -273]] 
Fitness: [12613 12612 12612 12612 12612 12613 12612 12612 12609 12611 12612 12612
 12612 12613 12572 12613 12606 12613 12611 12612] 
Iteration: 20 
Particle positions: [[-272 -274 -278 -281 -268 -275 -270 -265 -273 -263 -269 -271 -275 -276
  -286 -289 -253 -266 -260 -260]] 
Fitness: [12612 12613 12612 12611 12613 12611 12612 12611 12613 12612 12613 12613
 12612 12612 12608 12606 12567 12612 12572 12572] 
Iteration: 21 
Particle positions: [[-277 -273 -276 -276 -278 -279 -276 -269 -265 -276 -279 -269 -266 -272
  -273 -281 -256 -274 -278 -274]] 
Fitness: [12612 12613 12612 12612 12611 12611 12612 12612 12611 12613 12611 12612
 12612 12612 12613 12610 12569 12612 12612 12613] 
Iteration: 22 
Particle positions: [[-275 -277 -272 -274 -281 -275 -264 -283 -268 -284 -273 -281 -276 -267
  -266 -246 -280 -280 -280 -277]] 
Fitness: [12612 12612 12613 12612 12611 12612 12611 12610 12612 12609 12613 12610
 12612 12612 12611 12559 12610 12611 12610 12612] 
Iteration: 23 
Particle positions: [[-272 -277 -275 -282 -282 -271 -276 -275 -282 -278 -272 -274 -268 -273
  -278 -289 -294 -277 -269 -275]] 
Fitness: [12612 12613 12612 12610 12610 12613 12612 12612 12610 12612 12612 12612
 12612 12613 12612 12605 12601 12612 12613 12612] 
Iteration: 24 
Particle positions: [[-275 -274 -275 -276 -264 -270 -275 -268 -263 -269 -274 -269 -266 -279
  -283 -278 -258 -263 -273 -270]] 
Fitness: [12612 12612 12612 12612 12612 12613 12612 12613 12611 12612 12613 12612
 12611 12612 12609 12611 12571 12611 12613 12613] 
Iteration: 25 
Particle positions: [[-276 -277 -274 -270 -263 -279 -268 -275 -278 -274 -276 -277 -286 -273
  -268 -260 -273 -271 -273 -270]] 
Fitness: [12613 12612 12612 12613 12611 12611 12612 12613 12612 12612 12612 12612
 12608 12612 12613 12572 12613 12612 12613 12612] 
Iteration: 26 
Particle positions: [[-272 -277 -274 -271 -286 -278 -265 -277 -276 -280 -274 -273 -255 -263
  -267 -295 -278 -277 -271 -274]] 
Fitness: [12612 12613 12612 12611 12608 12612 12611 12613 12613 12610 12612 12612
 12569 12611 12612 12600 12611 12611 12612 12612] 
Iteration: 27 
Particle positions: [[-275 -272 -275 -276 -283 -268 -274 -263 -272 -277 -274 -271 -258 -281
  -274 -250 -276 -278 -272 -268]] 
Fitness: [12613 12612 12613 12611 12610 12612 12612 12611 12612 12612 12612 12613
 12570 12611 12612 12564 12613 12612 12613 12612] 
Iteration: 28 
Particle positions: [[-275 -281 -274 -273 -272 -270 -269 -259 -276 -272 -274 -273 -297 -259
  -275 -262 -262 -269 -277 -266]] 
Fitness: [12613 12611 12612 12613 12612 12612 12613 12571 12612 12613 12612 12614
 12598 12571 12613 12609 12610 12612 12613 12611] 
Iteration: 29 
Particle positions: [[-273 -278 -273 -270 -269 -276 -269 -289 -276 -278 -274 -274 -279 -276
  -269 -287 -282 -268 -263 -273]] 
Fitness: [12613 12612 12613 12614 12613 12612 12612 12606 12612 12611 12612 12614
 12611 12612 12613 12607 12610 12612 12610 12613] 
Iteration: 30 
Particle positions: [[-272 -265 -273 -274 -275 -274 -273 -244 -268 -275 -274 -271 -251 -273
  -269 -250 -278 -272 -274 -277]] 
Fitness: [12612 12611 12612 12613 12612 12611 12612 12558 12612 12613 12612 12613
 12566 12613 12613 12565 12612 12612 12612 12612] 
Iteration: 31 
Particle positions: [[-273 -274 -274 -271 -278 -272 -269 -226 -278 -270 -273 -272 -288 -270
  -277 -269 -250 -274 -273 -259]] 
Fitness: [12613 12611 12613 12612 12611 12612 12612 12529 12612 12613 12613 12613
 12607 12613 12613 12613 12565 12612 12613 12572] 
Iteration: 32 
Particle positions: [[-274 -281 -273 -270 -278 -275 -265 -300 -277 -279 -273 -274 -269 -268
  -269 -288 -300 -273 -269 -262]] 
Fitness: [12612 12610 12612 12612 12611 12612 12612 12593 12612 12611 12612 12612
 12614 12611 12612 12606 12594 12613 12612 12611] 
Iteration: 33 
Particle positions: [[-273 -275 -274 -272 -263 -272 -271 -300 -264 -268 -274 -273 -258 -275
  -276 -281 -300 -268 -271 -292]] 
Fitness: [12612 12613 12613 12612 12611 12612 12613 12594 12611 12611 12612 12613
 12571 12612 12612 12610 12593 12612 12613 12604] 
Iteration: 34 
Particle positions: [[-273 -268 -273 -270 -280 -276 -273 -205 -271 -277 -273 -272 -283 -271
  -271 -252 -264 -272 -272 -248]] 
Fitness: [12613 12612 12613 12612 12611 12612 12613 12479 12613 12612 12613 12612
 12609 12613 12613 12567 12611 12612 12613 12562] 
Iteration: 35 
Particle positions: [[-274 -278 -273 -270 -267 -271 -266 -300 -275 -280 -273 -275 -269 -270
  -273 -270 -256 -275 -271 -288]] 
Fitness: [12613 12612 12612 12612 12611 12612 12612 12594 12612 12611 12612 12612
 12613 12613 12613 12612 12569 12611 12612 12606] 
Iteration: 36 
Particle positions: [[-273 -272 -273 -271 -277 -274 -273 -300 -274 -269 -273 -271 -266 -270
  -273 -282 -300 -264 -270 -265]] 
Fitness: [12613 12612 12612 12612 12612 12613 12611 12594 12612 12613 12613 12612
 12613 12612 12612 12610 12594 12611 12612 12611] 
Iteration: 37 
Particle positions: [[-273 -272 -274 -271 -273 -274 -275 -242 -270 -278 -275 -272 -277 -273
  -271 -267 -247 -265 -274 -272]] 
Fitness: [12612 12612 12613 12612 12614 12613 12613 12556 12613 12612 12612 12612
 12612 12613 12613 12613 12562 12612 12611 12612] 
Iteration: 38 
Particle positions: [[-274 -273 -273 -271 -271 -273 -261 -264 -271 -276 -274 -275 -266 -269
  -274 -262 -274 -275 -270 -272]] 
Fitness: [12612 12613 12612 12612 12612 12613 12572 12611 12612 12612 12612 12613
 12612 12612 12612 12610 12613 12612 12612 12612] 
Iteration: 39 
Particle positions: [[-273 -278 -274 -271 -274 -273 -275 -296 -272 -269 -272 -271 -272 -272
  -271 -289 -277 -274 -270 -267]] 
Fitness: [12612 12611 12613 12613 12612 12613 12613 12599 12611 12613 12612 12613
 12612 12612 12612 12605 12613 12612 12611 12612] 
Iteration: 40 
Particle positions: [[-273 -271 -273 -272 -274 -274 -267 -245 -274 -268 -273 -271 -272 -270
  -272 -251 -259 -271 -271 -268]] 
Fitness: [12613 12611 12612 12613 12612 12613 12612 12559 12612 12612 12612 12613
 12612 12614 12613 12566 12570 12612 12612 12612] 
Iteration: 41 
Particle positions: [[-274 -270 -273 -271 -272 -274 -275 -250 -272 -284 -274 -275 -267 -272
  -273 -300 -285 -271 -273 -277]] 
Fitness: [12613 12614 12613 12613 12613 12612 12612 12564 12613 12609 12612 12613
 12611 12613 12612 12594 12608 12613 12613 12612] 
Iteration: 42 
Particle positions: [[-274 -271 -274 -273 -273 -272 -269 -300 -273 -259 -274 -274 -277 -270
  -271 -284 -275 -270 -274 -273]] 
Fitness: [12612 12612 12612 12613 12613 12612 12613 12593 12611 12571 12613 12612
 12611 12612 12612 12610 12612 12612 12613 12613] 
Iteration: 43 
Particle positions: [[-273 -270 -273 -272 -273 -274 -267 -241 -273 -297 -273 -271 -272 -270
  -274 -250 -263 -275 -270 -271]] 
Fitness: [12613 12613 12612 12612 12612 12612 12612 12554 12612 12598 12613 12612
 12612 12613 12612 12565 12611 12613 12613 12614] 
Iteration: 44 
Particle positions: [[-274 -270 -274 -271 -273 -273 -271 -300 -273 -291 -273 -274 -269 -271
  -272 -257 -267 -267 -268 -270]] 
Fitness: [12612 12613 12611 12613 12612 12613 12613 12594 12612 12604 12611 12613
 12612 12613 12612 12570 12612 12612 12613 12613] 
Iteration: 45 
Particle positions: [[-273 -274 -273 -274 -273 -274 -272 -285 -273 -237 -274 -272 -272 -271
  -272 -300 -273 -269 -279 -274]] 
Fitness: [12613 12612 12613 12613 12612 12612 12613 12608 12611 12548 12612 12614
 12612 12613 12613 12593 12612 12613 12612 12612] 
Iteration: 46 
Particle positions: [[-273 -275 -272 -273 -273 -272 -266 -251 -273 -300 -272 -273 -270 -273
  -273 -255 -267 -278 -269 -272]] 
Fitness: [12613 12612 12612 12612 12611 12613 12612 12565 12613 12593 12612 12613
 12612 12612 12612 12568 12612 12612 12612 12612] 
Iteration: 47 
Particle positions: [[-274 -266 -274 -268 -273 -273 -274 -288 -273 -254 -272 -273 -272 -268
  -273 -258 -274 -272 -273 -271]] 
Fitness: [12613 12611 12613 12613 12613 12612 12614 12607 12613 12567 12611 12612
 12613 12612 12612 12571 12612 12612 12612 12612] 
Iteration: 48 
Particle positions: [[-274 -271 -273 -271 -273 -275 -275 -284 -273 -287 -272 -273 -271 -276
  -271 -275 -269 -267 -273 -272]] 
Fitness: [12613 12612 12612 12613 12613 12613 12612 12609 12612 12608 12613 12612
 12612 12612 12613 12613 12611 12612 12612 12613] 
Iteration: 49 
Particle positions: [[-273 -273 -272 -272 -273 -271 -272 -266 -273 -269 -274 -273 -271 -264
  -274 -274 -272 -276 -269 -272]] 
Fitness: [12612 12613 12612 12613 12612 12612 12611 12612 12613 12613 12612 12612
 12613 12611 12613 12612 12612 12612 12613 12612] 
Type: 1 
Bin: 0 
place side object: 0 
Object: 0 
Iteration: 0 
Particle positions: [[ -74  166  -25 -103 -114 -115  205  141  -67   88 -125  -22 -287 -266
  -275  238   44  156 -259  244]] 
Fitness: [11591 12290 11837 11434 11373 11368 12349 12292 11630 12162 11310 11852
 10231 10390 10329 12331 12064 12276 10437 12337] 
Iteration: 1 
Particle positions: [[ 58 238  89 290 -93 118 205 235  -2  94 -87 290  30  18 290 186 273 163
  290 223]] 
Fitness: [12115 12330 12166 12307 11488 12235 12350 12326 11891 12178 11520 12306
 12011 11969 12307 12321 12304 12286 12307 12320] 
Iteration: 2 
Particle positions: [[290 290 290 290  43 290 205 275 246 256 290 290 290 290 290 248 290 204
  290 219]] 
Fitness: [12308 12307 12307 12308 12060 12307 12350 12303 12339 12347 12307 12307
 12307 12308 12307 12341 12306 12349 12306 12319] 
Iteration: 3 
Particle positions: [[290 241 290 290 290 290 205 205 290 290 290 290 290 290 290 284 290 240
  290 235]] 
Fitness: [12307 12334 12307 12307 12307 12307 12350 12349 12307 12307 12307 12307
 12307 12307 12307 12303 12307 12333 12306 12327] 
Iteration: 4 
Particle positions: [[290 197 290 290 290 275 205 144 290 290 290 268 290 290 290 165 258 207
  290 255]] 
Fitness: [12307 12339 12307 12307 12307 12303 12350 12298 12307 12307 12308 12305
 12307 12307 12307 12289 12348 12352 12306 12346] 
Iteration: 5 
Particle positions: [[166 179 189 290 290 149 208 190 170 120 256 154 222 290 290 196 160 178
  290 253]] 
Fitness: [12290 12307 12326 12307 12307 12308 12353 12328 12295 12241 12347 12273
 12319 12307 12307 12338 12282 12305 12307 12345] 
Iteration: 6 
Particle positions: [[211 184 108 290 259  90 210 250 223 187 221 217 162 251 288 278 191 197
  290 176]] 
Fitness: [12313 12316 12209 12307 12348 12168 12355 12343 12319 12324 12319 12317
 12284 12344 12305 12302 12330 12339 12308 12301] 
Iteration: 7 
Particle positions: [[249 225 219 290 172 169 212 261 270 290 210 267 290 152 157 236 287 232
  225 290]] 
Fitness: [12342 12321 12318 12307 12296 12294 12313 12349 12305 12307 12355 12305
 12306 12270 12277 12328 12305 12322 12320 12307] 
Iteration: 8 
Particle positions: [[246 191 269 194 257 230 209 209 196 243 200 184 208 254 138 167 267 218
  141 212]] 
Fitness: [12339 12330 12305 12335 12347 12321 12355 12354 12338 12337 12344 12317
 12353 12346 12287 12291 12305 12317 12292 12313] 
Iteration: 9 
Particle positions: [[189 203 131 142 259 246 207 167 163 183 214 175 144 290 230 290 138 177
  249 204]] 
Fitness: [12326 12347 12271 12295 12349 12340 12352 12291 12286 12316 12315 12299
 12297 12307 12321 12306 12286 12303 12342 12349] 
Iteration: 10 
Particle positions: [[238 215 138 267 225 250 210 176 197 189 223 215 245 173 290 234 246 173
  260 204]] 
Fitness: [12331 12315 12286 12305 12321 12343 12355 12300 12340 12327 12320 12315
 12339 12298 12307 12325 12339 12298 12349 12349] 
Iteration: 11 
Particle positions: [[284 220 165 290 248 187 212 225 233 248 198 244 273 150 210 170 290 216
  263 212]] 
Fitness: [12302 12319 12288 12307 12341 12323 12313 12320 12323 12342 12341 12338
 12304 12309 12355 12295 12307 12317 12304 12313] 
Iteration: 12 
Particle positions: [[112 192 290 208 250 224 211 239 151 243 195 228 204 290 147 242 284 230
  192 208]] 
Fitness: [12217 12332 12307 12353 12343 12321 12313 12332 12267 12336 12337 12321
 12349 12307 12305 12335 12303 12321 12332 12353] 
Iteration: 13 
Particle positions: [[227 207 224 145 200 262 207 149 183 195 217 238 163 254 166 287 151 219
  143 206]] 
Fitness: [12321 12352 12320 12301 12344 12349 12352 12308 12315 12337 12317 12330
 12286 12346 12290 12305 12267 12318 12297 12351] 
Iteration: 14 
Particle positions: [[290 219 104 268 272 267 208 175 286 290 221 225 245 224 234 255  88 172
  290 212]] 
Fitness: [12307 12318 12201 12305 12305 12305 12353 12299 12303 12306 12318 12320
 12338 12320 12325 12346 12163 12296 12307 12312] 
Iteration: 15 
Particle positions: [[259 209 195 290 222 172 213 290 206 273 192 234 252 243 238 184 290 201
  290 209]] 
Fitness: [12348 12354 12336 12308 12320 12297 12314 12306 12352 12304 12332 12325
 12345 12336 12331 12318 12306 12346 12306 12354] 
Iteration: 16 
Particle positions: [[149 203 290 290 207 264 212 231 147 147 192 208 183 249 213 270 290 245
  145 206]] 
Fitness: [12308 12347 12307 12307 12352 12305 12313 12321 12303 12305 12332 12354
 12316 12343 12314 12304 12307 12339 12300 12352] 
Iteration: 17 
Particle positions: [[277 208 199 103 199 258 206 108 269 290 211 191 213 185 187 239 211 218
  114 214]] 
Fitness: [12302 12353 12343 12199 12343 12348 12351 12209 12305 12306 12313 12331
 12314 12319 12324 12332 12312 12317 12223 12315] 
Iteration: 18 
Particle positions: [[258 215 134 290 216 230 210 251 183 186 223 213 222 268 211 216 243 178
  275 205]] 
Fitness: [12348 12316 12277 12307 12315 12322 12355 12344 12316 12322 12320 12314
 12319 12305 12313 12316 12337 12306 12303 12350] 
Iteration: 19 
Particle positions: [[187 203 200 241 227 257 212 209 176 142 215 220 226 260 226 222 261 218
  290 204]] 
Fitness: [12322 12347 12343 12334 12321 12348 12313 12354 12300 12294 12316 12319
 12321 12349 12320 12319 12349 12317 12306 12348] 
Iteration: 20 
Particle positions: [[274 208 257 131 234 234 209 179 246 281 208 201 184 194 192 266 254 231
  260 214]] 
Fitness: [12304 12353 12348 12271 12325     0 12354 12307 12340 12300 12353 12345
 12317 12335 12332 12305 12347 12321 12348 12314] 
Iteration: 21 
Particle positions: [[214 215 279 270 167 199 208 199 248 290 208 196 209 195 192 201 184 199
  204 216]] 
Fitness: [12314 12316 12301 12305 12291 12343 12353 12342 12341 12307 12353 12338
 12354 12337 12332 12346 12317 12342 12349 12316] 
Iteration: 22 
Particle positions: [[232 213 166 290 263 258 213 238 116 188 209 207 226 290 202 271 170 196
  242 211]] 
Fitness: [12322 12314 12290 12307 12306 12347 12314 12330 12229 12325 12354 12352
 12321 12307 12347 12304 12294 12338 12335 12312] 
Iteration: 23 
Particle positions: [[253 209 183 178 223 233 210 204 214 201 212 221 227 203 230 251 255 217
  231 205]] 
Fitness: [12345 12354 12315 12304 12320 12323 12355 12349 12315 12345 12313 12318
 12321 12348 12321 12344 12347 12316 12321 12350] 
Iteration: 24 
Particle positions: [[264 206 257 207 162 245 208 198 268 290 210 209 176 233 194 214 263 208
  257 205]] 
Fitness: [12305 12351 12347 12353 12285 12340 12353 12342 12305 12307 12355 12354
 12300 12324 12335 12315 12305 12353 12347 12350] 
Iteration: 25 
Particle positions: [[193 215 243 227 160 196 210 219 132 180 208 203 220 265 220 239 242 204
  247 216]] 
Fitness: [12333 12315 12336 12321 12282 12338 12355 12318 12272 12309 12353 12348
 12318 12305 12318 12332 12335 12349 12340 12316] 
Iteration: 26 
Particle positions: [[289 209 176 190 269 268 211 213  79 152 211 212 226 262 229 253 176 215
  237 203]] 
Fitness: [12306 12354 12300 12328 12305 12306 12313 12315 12182 12269 12312 12313
 12321 12349 12321 12345 12300 12316 12329 12347] 
Iteration: 27 
Particle positions: [[214 206 290 204 218 231 210 200 247 207 212 211 194 192 200 181 290 213
  236 209]] 
Fitness: [12315 12351 12307 12349 12317 12321 12355 12343 12340 12352 12313 12312
 12336 12332 12344 12312 12307 12314 12329 12354] 
Iteration: 28 
Particle positions: [[236 211 184 217 175 249 209 217 290 246 211 209 203 211 198 248 290 199
  202 213]] 
Fitness: [12328 12312 12317 12317 12299 12342 12354 12317 12307 12340 12312 12354
 12348 12312 12341 12341 12307 12342 12346 12314] 
Iteration: 29 
Particle positions: [[263 210 207 212 200 238 211 206 211 199 209 207 221 238 220 290 224 197
  269 206]] 
Fitness: [12305 12355 12353 12313 12344 12330 12313 12351 12313 12343 12355 12352
 12319 12330 12318 12308 12321 12339 12305 12351] 
Iteration: 30 
Particle positions: [[202 209 225 202 239 186 210 207 158 195 210 209 206 213 214 267 232 213
  273 208]] 
Fitness: [12347 12354 12320 12347 12332 12321 12355 12352 12279 12336 12355 12354
 12351 12314 12314 12305 12322 12314 12304 12353] 
Iteration: 31 
Particle positions: [[194 211 201 215 193 225 209 215 229 227 210 211 203 212 206 159 209 208
  225 211]] 
Fitness: [12335 12312 12345 12315 12333 12320 12354 12314 12321 12321 12355 12312
 12347 12313 12351 12280 12354     0 12321 12312] 
Iteration: 32 
Particle positions: [[274 209 203 213 172 290 210 211 205 209 210 206 213 209 209 162 197 207
  208 209]] 
Fitness: [12303 12354 12348 12314 12297 12307 12355 12312 12350 12355 12355 12351
 12314 12354 12354 12284 12340 12352     0 12354] 
Iteration: 33 
Particle positions: [[277 211 210 198 232 290 210 205 197 199 210 211 213 208 213 281 237 212
  206 208]] 
Fitness: [12302 12313 12356 12341 12321 12307 12356 12350 12340 12343 12356 12312
 12313 12353 12315 12300 12329 12314 12351 12353] 
Iteration: 34 
Particle positions: [[140 210 214 220 187 252 210 211 210 213 210 211 200 209 207 265 202 206
  206 209]] 
Fitness: [12290 12355 12315 12319 12322 12345 12355 12312 12355 12315 12354 12313
 12344 12354 12352 12305 12346 12351 12351 12354] 
Iteration: 35 
Particle positions: [[290 209 207 210 216 224 210 212 217 214 210 203 209 209 211 170 197 211
  213 210]] 
Fitness: [12307 12353 12352 12354 12316 12320 12355 12313 12316 12315 12355 12348
 12355 12354 12312 12294 12340 12312 12314 12355] 
Iteration: 36 
Particle positions: [[261 210 208 204 229 247 210 212 194 213 210 210 214 211 211 290 236 210
  208 210]] 
Fitness: [12349 12356 12354 12349 12321 12340 12355 12313 12335 12314 12355 12356
 12315 12312 12312 12306 12327 12355 12353 12356] 
Iteration: 37 
Particle positions: [[177 210 214 214 186 243 210 203 211 201 210 214 203 210 209 290 187 209
  206 210]] 
Fitness: [12302 12356 12315 12315 12322 12336 12355 12347 12313 12345 12355 12315
 12348 12355 12355 12307 12323 12354 12351 12355] 
Iteration: 38 
Particle positions: [[290 210 206 213 210 220 210 210 218 219 210 207 209 209 210 220 216 210
  208 210]] 
Fitness: [12307 12355 12350 12314 12356 12319 12355 12355 12317 12318 12355 12352
 12354 12354 12355 12318 12316 12355 12353 12355] 
Iteration: 39 
Particle positions: [[176 210 213 208 222 200 210 213 196 210 210 205 214 210 210 232 223 210
  210 210]] 
Fitness: [12301 12356 12314 12353 12319 12344 12355 12314 12338 12355 12355 12350
 12315 12354 12355 12321 12320 12356 12355 12355] 
Iteration: 40 
Particle positions: [[281 210 212 213 193 290 210 213 236 204 210 211 211 210 210 261 187 210
  211 210]] 
Fitness: [12301 12355 12313 12314 12333 12307 12355 12313 12328 12349 12355 12313
 12312 12355 12355 12348 12323 12355 12313 12355] 
Iteration: 41 
Particle positions: [[290 210 207 214 221 234 210 202 194 209 210 212 204 210 210 238 234 210
  209 210]] 
Fitness: [12307 12355 12352 12315 12319 12325 12355 12346 12335 12354 12355 12313
 12349 12355 12355 12330 12325 12355 12354 12355] 
Iteration: 42 
Particle positions: [[173 210 215 200 215 212 210 225 207 212 210 209 215 210 210 217 239 210
  209 210]] 
Fitness: [12297 12355 12315 12344 12315 12314 12355 12321 12352 12313 12356 12354
 12316 12356 12355 12317 12331 12356 12354 12355] 
Iteration: 43 
Particle positions: [[195 210 216 232 203 255 210 221 224 208 210 208 206 210 210 238 176 210
  211 210]] 
Fitness: [12337 12356 12316 12322 12347 12347 12355 12320 12321 12353 12356 12354
 12351 12355 12355 12331 12301 12355 12312 12355] 
Iteration: 44 
Particle positions: [[279 210 203 237 202 235 210 195 210 211 210 210 210 210 210 276 261 210
  209 210]] 
Fitness: [12301 12355 12348 12330 12346 12327 12355 12337 12355 12312 12355 12355
 12356 12355 12355 12303 12350 12355 12353 12355] 
Iteration: 45 
Particle positions: [[290 210 215 185 217 197 210 237 203 208 210 211 211 210 210 232 187 210
  210 210]] 
Fitness: [12307 12354 12315 12319 12317 12339 12355 12329 12348     0 12355 12312
 12312 12355 12355 12322 12323 12354 12355 12355] 
Iteration: 46 
Particle positions: [[216 210 216 217 218 290 210 222 219 209 210 209 209 210 210 220 221 210
  210 210]] 
