Type: 0 
Bin: 0 
place side object: 0 
Object: 0 
Iteration: 0 
Particle positions: [[-104   80 -276   62   31  227 -181  -73 -259 -244  -79   25 -114  128
   -56   70   47 -135  141 -237]] 
Fitness: [11502  8807 12876  9102  9592  6460 12249 11104 12797 12720 11183  9684
 11625  8083 10875  8971  9340 11845  7864 12682] 
Iteration: 1 
Particle positions: [[-182 -107 -276 -224 -300  123 -266 -161 -287 -293 -131 -300 -300 -300
  -300 -300 -300 -300  128 -274]] 
Fitness: [12258 11539 12874 12604 12969  8166 12827 12077 12922 12946 11808 12969
 12970 12970 12969 12970 12969 12969  8084 12865] 
Iteration: 2 
Particle positions: [[-300 -283 -293 -300 -300   13 -300 -300 -300 -300 -300 -300 -300 -300
  -300 -300 -300 -300 -300 -300]] 
Fitness: [12969 12905 12945 12969 12969  9870 12969 12970 12970 12970 12970 12970
 12969 12971 12970 12969 12969 12969 12969 12970] 
Iteration: 3 
Particle positions: [[-300 -300 -300 -300 -300 -276 -300 -300 -300 -300 -300 -300 -300 -300
  -300 -300 -300 -300 -300 -300]] 
Fitness: [12970 12969 12970 12970 12970 12874 12969 12968 12969 12969 12969 12969
 12969 12969 12969 12970 12970 12970 12969 12969] 
Iteration: 4 
Particle positions: [[-300 -300 -300 -300 -300 -300 -300 -300 -300 -300 -300 -300 -300 -300
  -300 -300 -300 -300 -300 -300]] 
Fitness: [12969 12970 12970 12970 12969 12969 12970 12969 12969 12970 12968 12969
 12969 12969 12969 12969 12970 12970 12969 12969] 
Iteration: 5 
Particle positions: [[-300 -300 -300 -300 -300 -300 -300 -300 -300 -300 -300 -300 -300 -300
  -300 -300 -300 -300 -300 -300]] 
Fitness: [12970 12969 12969 12970 12970 12970 12970 12969 12969 12969 12970 12970
 12969 12970 12969 12969 12969 12969 12969 12969] 
Iteration: 6 
Particle positions: [[-300 -300 -300 -300 -300 -300 -300 -300 -300 -300 -300 -300 -300 -300
  -300 -300 -300 -300 -300 -300]] 
Fitness: [12970 12969 12969 12969 12969 12968 12970 12969 12969 12970 12970 12970
 12970 12970 12970 12970 12969 12970 12970 12968] 
Iteration: 7 
Particle positions: [[-300 -300 -300 -300 -300 -300 -300 -300 -300 -300 -300 -300 -300 -300
  -300 -300 -300 -300 -300 -300]] 
Fitness: [12970 12969 12970 12968 12970 12968 12969 12970 12970 12969 12970 12969
 12970 12970 12969 12970 12970 12970 12970 12969] 
Iteration: 8 
Particle positions: [[-300 -300 -300 -300 -300 -300 -300 -300 -300 -300 -300 -300 -300 -300
  -300 -300 -300 -300 -300 -300]] 
Fitness: [12969 12969 12969 12969 12969 12969 12969 12969 12969 12969 12969 12969
 12969 12969 12969 12968 12969 12970 12970 12970] 
Iteration: 9 
Particle positions: [[-300 -300 -300 -300 -300 -300 -300 -300 -300 -300 -300 -300 -300 -300
  -300 -300 -300 -300 -300 -300]] 
Fitness: [12969 12969 12970 12969 12969 12970 12969 12970 12969 12969 12968 12969
 12969 12970 12970 12969 12969 12969 12970 12970] 
Iteration: 10 
Particle positions: [[-300 -300 -300 -300 -300 -300 -300 -300 -300 -300 -300 -300 -300 -300
  -300 -300 -300 -300 -300 -300]] 
Fitness: [12968 12969 12969 12969 12970 12969 12969 12969 12969 12969 12969 12970
 12969 12969 12970 12969 12970 12970 12969 12969] 
Iteration: 11 
Particle positions: [[-300 -300 -300 -300 -300 -300 -300 -300 -300 -300 -300 -300 -300 -300
  -300 -300 -300 -300 -300 -300]] 
Fitness: [12970 12970 12970 12969 12969 12969 12969 12970 12969 12970 12970 12970
 12970 12970 12970 12969 12969 12969 12970 12970] 
Iteration: 12 
Particle positions: [[-300 -300 -300 -300 -300 -300 -300 -300 -300 -300 -300 -300 -300 -300
  -300 -300 -300 -300 -300 -300]] 
Fitness: [12969 12970 12970 12969 12969 12970 12970 12970 12970 12970 12969 12969
 12969 12969 12970 12969 12970 12969 12969 12969] 
Iteration: 13 
Particle positions: [[-300 -300 -300 -300 -300 -300 -300 -300 -300 -300 -300 -300 -300 -300
  -300 -300 -300 -300 -300 -300]] 
Fitness: [12969 12970 12969 12969 12969 12969 12969 12969 12970 12969 12970 12969
 12971 12970 12971 12970 12969 12970 12970 12970] 
Iteration: 14 
Particle positions: [[-300 -300 -300 -300 -300 -300 -300 -300 -300 -300 -300 -300 -300 -300
  -300 -300 -300 -300 -300 -300]] 
Fitness: [12970 12969 12969 12969 12970 12969 12969 12969 12970 12970 12970 12969
 12969 12970 12969 12970 12969 12969 12969 12970] 
Iteration: 15 
Particle positions: [[-300 -300 -300 -300 -300 -300 -300 -300 -300 -300 -300 -300 -300 -300
  -300 -300 -300 -300 -300 -300]] 
Fitness: [12970 12970 12971 12969 12970 12970 12970 12969 12970 12969 12970 12970
 12969 12970 12969 12970 12969 12969 12969 12970] 
Iteration: 16 
Particle positions: [[-300 -300 -300 -300 -300 -300 -300 -300 -300 -300 -300 -300 -300 -300
  -300 -300 -300 -300 -300 -300]] 
Fitness: [12969 12970 12970 12970 12969 12970 12970 12970 12969 12969 12969 12970
 12969 12970 12970 12969 12969 12969 12970 12969] 
Iteration: 17 
Particle positions: [[-300 -300 -300 -300 -300 -300 -300 -300 -300 -300 -300 -300 -300 -300
  -300 -300 -300 -300 -300 -300]] 
Fitness: [12969 12970 12969 12969 12970 12969 12969 12970 12969 12969 12969 12969
 12970 12970 12969 12969 12969 12970 12969 12970] 
Iteration: 18 
Particle positions: [[-300 -300 -300 -300 -300 -300 -300 -300 -300 -300 -300 -300 -300 -300
  -300 -300 -300 -300 -300 -300]] 
Fitness: [12970 12970 12969 12970 12969 12969 12969 12970 12969 12970 12970 12969
 12969 12968 12970 12970 12970 12969 12970 12969] 
Iteration: 19 
Particle positions: [[-300 -300 -300 -300 -300 -300 -300 -300 -300 -300 -300 -300 -300 -300
  -300 -300 -300 -300 -300 -300]] 
Fitness: [12970 12970 12969 12970 12970 12970 12969 12969 12970 12969 12969 12969
 12969 12969 12969 12970 12968 12969 12969 12970] 
Object: 1 
Iteration: 0 
Particle positions: [[ -25  -49   -4 -171 -199 -155  162 -285 -267  114   20  204   16   74
   149  128   80  -10  264 -182]] 
Fitness: [10950 11291 10639 12620 12818 12499  7930 13190 13159  8702 10274  7185
 10336  9394  8160  8457  9292 10729  6173 12698] 
Iteration: 1 
Particle positions: [[-300 -300 -300 -300 -300 -300 -300 -285 -297 -239 -300   -4    0   44
  -300 -300  -73 -132  -78 -259]] 
Fitness: [13213 13212 13212 13213 13212 13213 13211 13191 13210 13066 13213 10639
 10578  9893 13212 13212 11613 12302 11676 13137] 
Iteration: 2 
Particle positions: [[-300 -300 -300 -300 -300 -300 -300 -292 -300 -300 -300 -300 -177 -293
  -300 -300 -300 -300 -300 -300]] 
Fitness: [13212 13213 13212 13212 13212 13212 13212 13204 13213 13212 13212 13212
 12662 13204 13212 13212 13212 13213 13211 13211] 
Iteration: 3 
Particle positions: [[-300 -300 -300 -300 -300 -300 -300 -300 -300 -300 -300 -300 -300 -300
  -300 -300 -300 -300 -300 -300]] 
Fitness: [13213 13213 13212 13211 13212 13213 13211 13213 13212 13212 13212 13212
 13211 13212 13212 13211 13211 13212 13212 13213] 
Iteration: 4 
Particle positions: [[-300 -300 -300 -300 -300 -300 -300 -300 -300 -300 -300 -300 -300 -300
  -300 -300 -300 -300 -300 -300]] 
Fitness: [13213 13212 13212 13212 13213 13212 13212 13213 13212 13212 13213 13212
 13212 13212 13212 13212 13212 13211 13212 13212] 
Iteration: 5 
Particle positions: [[-300 -300 -300 -300 -300 -300 -300 -300 -300 -300 -300 -300 -300 -300
  -300 -300 -300 -300 -300 -300]] 
Fitness: [13213 13211 13212 13211 13212 13212 13212 13212 13212 13212 13212 13213
 13212 13212 13213 13212 13213 13211 13212 13212] 
Iteration: 6 
Particle positions: [[-300 -300 -300 -300 -300 -300 -300 -300 -300 -300 -300 -300 -300 -300
  -300 -300 -300 -300 -300 -300]] 
Fitness: [13212 13212 13212 13213 13212 13212 13212 13212 13213 13212 13213 13213
 13213 13212 13213 13212 13212 13212 13212 13213] 
Iteration: 7 
Particle positions: [[-300 -300 -300 -300 -300 -300 -300 -300 -300 -300 -300 -300 -300 -300
  -300 -300 -300 -300 -300 -300]] 
Fitness: [13212 13212 13213 13212 13212 13212 13212 13212 13212 13212 13211 13212
 13213 13212 13211 13213 13213 13212 13212 13212] 
Iteration: 8 
Particle positions: [[-300 -300 -300 -300 -300 -300 -300 -300 -300 -300 -300 -300 -300 -300
  -300 -300 -300 -300 -300 -300]] 
Fitness: [13212 13213 13212 13212 13213 13213 13212 13212 13212 13211 13212 13213
 13213 13212 13213 13212 13211 13214 13212 13212] 
Iteration: 9 
Particle positions: [[-300 -300 -300 -300 -300 -300 -300 -300 -300 -300 -300 -300 -300 -300
  -300 -300 -300 -300 -300 -300]] 
Fitness: [13213 13212 13213 13211 13213 13212 13211 13212 13212 13212 13212 13213
 13212 13211 13212 13211 13213 13212 13213 13213] 
Iteration: 10 
Particle positions: [[-300 -300 -300 -300 -300 -300 -300 -300 -300 -300 -300 -300 -300 -300
  -300 -300 -300 -300 -300 -300]] 
Fitness: [13212 13212 13212 13211 13212 13212 13211 13213 13212 13211 13212 13213
 13212 13212 13213 13212 13212 13212 13212 13212] 
Iteration: 11 
Particle positions: [[-300 -300 -300 -300 -300 -300 -300 -300 -300 -300 -300 -300 -300 -300
  -300 -300 -300 -300 -300 -300]] 
Fitness: [13213 13212 13213 13213 13212 13212 13212 13212 13212 13212 13212 13212
 13212 13213 13212 13212 13212 13211 13212 13212] 
Iteration: 12 
Particle positions: [[-300 -300 -300 -300 -300 -300 -300 -300 -300 -300 -300 -300 -300 -300
  -300 -300 -300 -300 -300 -300]] 
Fitness: [13212 13212 13212 13212 13212 13212 13212 13212 13212 13212 13211 13213
 13211 13213 13212 13212 13213 13212 13213 13213] 
Iteration: 13 
Particle positions: [[-300 -300 -300 -300 -300 -300 -300 -300 -300 -300 -300 -300 -300 -300
  -300 -300 -300 -300 -300 -300]] 
Fitness: [13212 13212 13213 13212 13211 13212 13212 13213 13213 13213 13212 13212
 13212 13212 13212 13212 13212 13212 13212 13213] 
Iteration: 14 
Particle positions: [[-300 -300 -300 -300 -300 -300 -300 -300 -300 -300 -300 -300 -300 -300
  -300 -300 -300 -300 -300 -300]] 
Fitness: [13212 13212 13212 13213 13211 13212 13211 13213 13212 13213 13213 13212
 13213 13213 13212 13212 13211 13212 13212 13213] 
Iteration: 15 
Particle positions: [[-300 -300 -300 -300 -300 -300 -300 -300 -300 -300 -300 -300 -300 -300
  -300 -300 -300 -300 -300 -300]] 
Fitness: [13213 13212 13212 13212 13211 13212 13213 13211 13213 13213 13211 13212
 13212 13211 13213 13212 13212 13212 13212 13212] 
Iteration: 16 
Particle positions: [[-300 -300 -300 -300 -300 -300 -300 -300 -300 -300 -300 -300 -300 -300
  -300 -300 -300 -300 -300 -300]] 
Fitness: [13213 13212 13212 13212 13212 13212 13211 13212 13212 13212 13212 13213
 13212 13211 13211 13212 13212 13212 13213 13212] 
Iteration: 17 
Particle positions: [[-300 -300 -300 -300 -300 -300 -300 -300 -300 -300 -300 -300 -300 -300
  -300 -300 -300 -300 -300 -300]] 
Fitness: [13212 13212 13213 13212 13212 13212 13213 13213 13211 13211 13212 13211
 13213 13212 13212 13212 13212 13212 13212 13213] 
Iteration: 18 
Particle positions: [[-300 -300 -300 -300 -300 -300 -300 -300 -300 -300 -300 -300 -300 -300
  -300 -300 -300 -300 -300 -300]] 
Fitness: [13212 13213 13212 13213 13212 13212 13212 13213 13212 13211 13212 13212
 13212 13213 13212 13213 13213 13212 13212 13211] 
Iteration: 19 
Particle positions: [[-300 -300 -300 -300 -300 -300 -300 -300 -300 -300 -300 -300 -300 -300
  -300 -300 -300 -300 -300 -300]] 
Fitness: [13212 13212 13212 13213 13212 13210 13211 13212 13212 13212 13212 13212
 13212 13212 13212 13213 13212 13213 13212 13212] 
Object: 2 
Iteration: 0 
Particle positions: [[ 123   -6 -165  -39  244   -6  262  -47  252   -5   70   -6  233   64
   -81  -34  248   28 -190 -215]] 
Fitness: [ 9033 11140 12871 11593  6920 11140  6613 11700  6783 11124  9951 11139
  7114 10052 12124 11526  6850 10632 12991 13083] 
Iteration: 1 
Particle positions: [[ -54 -225 -190  -49 -300 -204 -153 -300 -300 -300 -106 -300   15 -192
  -229 -292   95 -206 -193 -216]] 
Fitness: [11792 13108 12991 11726 13049 13047 12800 13049 13048 13050 12366 13050
 10831 12999 13117 13081  9526 13056 13003 13087] 
Iteration: 2 
Particle positions: [[-300 -300 -221 -300 -300 -300 -300 -300 -300 -300 -300 -300 -300 -300
  -300 -300 -300 -300 -252 -232]] 
Fitness: [13049 13049 13100 13050 13049 13049 13049 13049 13049 13049 13048 13048
 13049 13048 13050 13049 13048 13048 13167 13155] 
Iteration: 3 
Particle positions: [[-300 -300 -289 -300 -300 -300 -300 -300 -300 -300 -300 -300 -300 -300
  -217 -300 -300 -261 -300 -256]] 
Fitness: [13050 13049 13093 13048 13048 13048 13048 13049 13049 13048 13049 13048
 13049 13049 13090 13049 13049 13161 13048 13165] 
Iteration: 4 
Particle positions: [[-300 -235 -261 -300 -300 -297 -300 -300 -300 -300 -300 -300 -300 -300
  -180 -294 -300 -214 -212 -272]] 
Fitness: [13048 13158 13162 13050 13049 13061 13047 13050 13048 13048 13048 13048
 13048 13049 12948 13075 13049 13082 13075 13144] 
Iteration: 5 
Particle positions: [[-300 -195 -228 -300 -300 -225 -300 -300 -300 -300 -300 -300 -300 -300
  -236 -256 -300 -256 -247 -247]] 
Fitness: [13049 13011 13115 13049 13048 13110 13049 13049 13048 13049 13048 13048
 13050 13049 13161 13166 13049 13166 13167 13167] 
Iteration: 6 
Particle positions: [[-289 -181 -226 -278 -300 -219 -300 -240 -300 -217 -300 -300 -300 -293
  -300 -222 -300 -287 -286 -233]] 
Fitness: [13095 12951 13111 13130 13048 13094 13049 13163 13048 13089 13049 13049
 13048 13078 13048 13103 13049 13103 13104 13155] 
Iteration: 7 
Particle positions: [[-219 -300 -300 -227 -300 -269 -259 -198 -300 -161 -259 -242 -284 -231
  -300 -278 -300 -280 -279 -273]] 
Fitness: [13096 13048 13048 13112 13049 13152 13164 13024 13048 12849 13164 13165
 13112 13119 13048 13129 13048 13124 13127 13142] 
Iteration: 8 
Particle positions: [[-187 -300 -270 -231 -285 -288 -229 -300 -300 -156 -226 -200 -269 -224
  -229 -273 -225 -225 -183 -267]] 
Fitness: [12978 13050 13149 13121 13108 13097 13118 13049 13049 12819 13111 13032
 13150 13107 13115 13143 13108 13109 12963 13153] 
Iteration: 9 
Particle positions: [[-239 -249 -221 -298 -220 -257 -262 -274 -281 -300 -267 -182 -225 -237
  -222 -222 -201 -255 -300 -258]] 
Fitness: [13163 13168 13100 13057 13098 13166 13160 13139 13120 13050 13154 12956
 13108 13162 13102 13102 13036 13166 13049 13166] 
Iteration: 10 
Particle positions: [[-278 -214 -252 -300 -294 -225 -282 -214 -246 -280 -283 -276 -277 -263
  -255 -292 -300 -269 -300 -242]] 
Fitness: [13128 13082 13168 13049 13074 13108 13117 13081 13167 13124 13115 13136
 13132 13159 13165 13082 13049 13151 13048 13166] 
Iteration: 11 
Particle positions: [[-287 -252 -267 -263 -257 -276 -265 -209 -229 -208 -250 -238 -286 -260
  -272 -271 -300 -216 -129 -241]] 
Fitness: [13101 13167 13154 13160 13165 13135 13157 13066 13116 13061 13168 13162
 13105 13163 13144 13146 13049 13088 12589 13165] 
Iteration: 12 
Particle positions: [[-204 -270 -235 -234 -224 -230 -242 -285 -259 -267 -228 -229 -211 -254
  -251 -249 -115 -221 -300 -250]] 
Fitness: [13048 13149 13160 13159 13107 13118 13165 13108 13164 13154 13116 13117
 13073 13167 13168 13168 12462 13100 13049 13168] 
Iteration: 13 
Particle positions: [[-282 -211 -271 -259 -254 -226 -242 -261 -253 -286 -255 -258 -300 -250
  -235 -236 -116 -279 -300 -255]] 
Fitness: [13117 13071 13147 13164 13168 13112 13164 13163 13166 13105 13166 13164
 13050 13167 13158 13160 12473 13127 13049 13167] 
Iteration: 14 
Particle positions: [[-244 -272 -231 -257 -269 -234 -248 -215 -234 -221 -258 -257 -300 -250
  -254 -258 -300 -277 -262 -241]] 
Fitness: [13165 13144 13120 13166 13149 13157 13167 13085 13158 13100 13165 13166
 13049 13168 13167 13164 13049 13132 13161 13165] 
Iteration: 15 
Particle positions: [[-228 -259 -276 -244 -254 -292 -252 -251 -237 -212 -243 -243 -222 -249
  -262 -235 -300 -247 -226 -260]] 
Fitness: [13114 13165 13136 13166 13166 13081 13167 13168 13160 13075 13165 13166
 13102 13168 13161 13158 13049 13167 13111 13163] 
Iteration: 16 
Particle positions: [[-255 -229 -283 -259 -241 -183 -241 -268 -267 -251 -242 -249 -222 -250
  -243 -279 -118 -234 -256 -245]] 
Fitness: [13167 13117 13114 13163 13165 12963 13164 13152 13153 13169 13164 13168
 13101 13168 13166 13127 12493 13158 13166 13167] 
Iteration: 17 
Particle positions: [[-262 -261 -210 -255 -251 -251 -251 -233 -237 -270 -267 -253 -250 -251
  -244 -227 -243 -237 -259 -246]] 
Fitness: [13162 13161 13069 13166 13168 13168 13167 13155 13160 13150 13154 13168
 13168 13168 13166 13113 13166 13161 13164 13166] 
Iteration: 18 
Particle positions: [[-254 -260 -300 -248 -260 -283 -252 -247 -254 -223 -216 -251 -264 -250
  -267 -269 -300 -241 -254 -260]] 
Fitness: [13167 13163 13047 13168 13164 13115 13167 13168 13167 13105 13087 13168
 13158 13167 13153 13150 13049 13164 13166 13163] 
Iteration: 19 
Particle positions: [[-249 -247 -254 -247 -242 -246 -248 -261 -260 -244 -270 -246 -222 -250
  -250 -252 -178 -261 -248 -230]] 
Fitness: [13168 13167 13167 13168 13164 13167 13167 13161 13163 13166 13149 13168
 13102 13167 13168 13166 12937 13161 13167 13118] 
place side object: 1 
Object: 0 
Iteration: 0 
Particle positions: [[-222   79   77 -228  213 -173   24 -125  270  103 -156   51   94  244
   200 -106 -259 -125 -182  -65]] 
Fitness: [12631  9638  9667 12694  7661 12371 10414 12052  6801  9278 12269 10041
  9414  7188  7856 11855 12794 12052 12424 11486] 
Iteration: 1 
Particle positions: [[-291 -300   65 -268   29 -289 -200 -300   -3 -178 -250 -300 -161 -245
  -300 -300 -259 -157 -265 -174]] 
Fitness: [12854 12861  9841 12815 10346 12850 12525 12861 10769 12399 12770 12861
 12300 12754 12862 12862 12794 12275 12808 12378] 
Iteration: 2 
Particle positions: [[-300 -300 -300 -300 -300 -300 -300 -300 -300 -300 -300 -300 -300 -300
  -300 -300 -300 -300 -300 -300]] 
Fitness: [12861 12862 12862 12861 12862 12862 12862 12861 12862 12863 12862 12862
 12862 12861 12862 12861 12861 12861 12861 12861] 
Iteration: 3 
Particle positions: [[-300 -300 -300 -300 -300 -300 -300 -300 -300 -300 -300 -300 -300 -300
  -300 -300 -300 -300 -300 -300]] 
Fitness: [12861 12862 12862 12860 12862 12862 12862 12861 12861 12861 12862 12861
 12862 12862 12862 12862 12861 12862 12861 12862] 
Iteration: 4 
Particle positions: [[-300 -300 -300 -300 -300 -300 -300 -300 -300 -300 -300 -300 -300 -300
  -300 -300 -300 -300 -300 -300]] 
Fitness: [12862 12862 12861 12861 12862 12862 12862 12861 12861 12862 12862 12861
 12862 12861 12861 12862 12861 12861 12862 12862] 
Iteration: 5 
Particle positions: [[-300 -300 -300 -300 -300 -300 -300 -300 -300 -300 -300 -300 -300 -300
  -300 -300 -300 -300 -300 -300]] 
Fitness: [12862 12861 12861 12861 12862 12862 12861 12861 12861 12861 12862 12862
 12862 12862 12861 12861 12861 12862 12862 12861] 
Iteration: 6 
Particle positions: [[-300 -300 -300 -300 -300 -300 -300 -300 -300 -300 -300 -300 -300 -300
  -300 -300 -300 -300 -300 -300]] 
Fitness: [12861 12861 12861 12862 12862 12862 12862 12862 12862 12862 12863 12861
 12862 12861 12861 12862 12861 12862 12862 12861] 
Iteration: 7 
Particle positions: [[-300 -300 -300 -300 -300 -300 -300 -300 -300 -300 -300 -300 -300 -300
  -300 -300 -300 -300 -300 -300]] 
Fitness: [12861 12862 12861 12862 12862 12863 12861 12861 12861 12862 12862 12861
 12862 12862 12861 12861 12861 12861 12862 12861] 
Iteration: 8 
Particle positions: [[-300 -300 -300 -300 -300 -300 -300 -300 -300 -300 -300 -300 -300 -300
  -300 -300 -300 -300 -300 -300]] 
Fitness: [12862 12862 12863 12861 12863 12862 12861 12861 12861 12861 12862 12862
 12862 12861 12862 12862 12862 12862 12863 12862] 
Iteration: 9 
Particle positions: [[-300 -300 -300 -300 -300 -300 -300 -300 -300 -300 -300 -300 -300 -300
  -300 -300 -300 -300 -300 -300]] 
Fitness: [12862 12862 12861 12861 12862 12861 12861 12861 12861 12861 12861 12861
 12862 12862 12862 12861 12862 12861 12861 12862] 
Iteration: 10 
Particle positions: [[-300 -300 -300 -300 -300 -300 -300 -300 -300 -300 -300 -300 -300 -300
  -300 -300 -300 -300 -300 -300]] 
Fitness: [12862 12861 12861 12863 12861 12862 12862 12861 12861 12861 12862 12861
 12861 12862 12862 12862 12862 12862 12861 12861] 
Iteration: 11 
Particle positions: [[-300 -300 -300 -300 -300 -300 -300 -300 -300 -300 -300 -300 -300 -300
  -300 -300 -300 -300 -300 -300]] 
Fitness: [12861 12862 12862 12862 12862 12861 12861 12861 12862 12861 12862 12862
 12861 12862 12861 12862 12861 12861 12863 12861] 
Iteration: 12 
Particle positions: [[-300 -300 -300 -300 -300 -300 -300 -300 -300 -300 -300 -300 -300 -300
  -300 -300 -300 -300 -300 -300]] 
Fitness: [12861 12862 12861 12861 12862 12862 12861 12861 12861 12862 12861 12862
 12861 12862 12861 12861 12862 12861 12861 12861] 
Iteration: 13 
Particle positions: [[-300 -300 -300 -300 -300 -300 -300 -300 -300 -300 -300 -300 -300 -300
  -300 -300 -300 -300 -300 -300]] 
Fitness: [12861 12861 12861 12862 12861 12862 12862 12861 12862 12862 12861 12862
 12861 12862 12861 12861 12861 12862 12861 12861] 
Iteration: 14 
Particle positions: [[-300 -300 -300 -300 -300 -300 -300 -300 -300 -300 -300 -300 -300 -300
  -300 -300 -300 -300 -300 -300]] 
Fitness: [12862 12861 12862 12862 12862 12862 12861 12862 12862 12861 12861 12862
 12862 12862 12861 12862 12861 12862 12861 12861] 
Iteration: 15 
Particle positions: [[-300 -300 -300 -300 -300 -300 -300 -300 -300 -300 -300 -300 -300 -300
  -300 -300 -300 -300 -300 -300]] 
Fitness: [12861 12861 12862 12861 12862 12863 12862 12862 12862 12860 12862 12861
 12862 12861 12862 12862 12862 12862 12862 12862] 
Iteration: 16 
Particle positions: [[-300 -300 -300 -300 -300 -300 -300 -300 -300 -300 -300 -300 -300 -300
  -300 -300 -300 -300 -300 -300]] 
Fitness: [12861 12861 12862 12862 12861 12861 12862 12861 12862 12861 12862 12862
 12862 12861 12861 12862 12861 12862 12861 12861] 
Iteration: 17 
Particle positions: [[-300 -300 -300 -300 -300 -300 -300 -300 -300 -300 -300 -300 -300 -300
  -300 -300 -300 -300 -300 -300]] 
Fitness: [12862 12862 12862 12862 12862 12862 12861 12862 12862 12862 12862 12863
 12862 12862 12862 12863 12861 12862 12862 12862] 
Iteration: 18 
Particle positions: [[-300 -300 -300 -300 -300 -300 -300 -300 -300 -300 -300 -300 -300 -300
  -300 -300 -300 -300 -300 -300]] 
Fitness: [12862 12861 12862 12862 12862 12862 12862 12862 12861 12861 12862 12862
 12862 12862 12862 12862 12861 12861 12862 12861] 
Iteration: 19 
Particle positions: [[-300 -300 -300 -300 -300 -300 -300 -300 -300 -300 -300 -300 -300 -300
  -300 -300 -300 -300 -300 -300]] 
Fitness: [12862 12861 12861 12861 12861 12862 12861 12861 12862 12861 12861 12862
 12861 12861 12862 12861 12862 12861 12861 12862] 
Object: 1 
Iteration: 0 
Particle positions: [[-117  152  -12  270   91  -43   60 -294  150  225   72 -297  156   79
   202 -265  -24  164  216  199]] 
Fitness: [12458  8975 11419  7041  9950 11805 10423 13139  9008  7813 10243 13136
  8907 10136  8207 13156 11571  8774  7968  8259] 
Iteration: 1 
Particle positions: [[-300 -155 -180   99 -300 -300 -114 -247 -300  135  -53 -247 -300 -300
   152 -265 -300 -300 -300 -300]] 
Fitness: [13130 12753 12884  9827 13131 13129 12435 13138 13131  9253 11908 13137
 13131 13130  8975 13156 13131 13131 13131 13130] 
Iteration: 2 
Particle positions: [[-300 -300 -300 -300 -300 -300 -300 -269 -300 -300 -300 -205 -300 -300
  -300 -266 -300 -300 -300 -300]] 
Fitness: [13130 13131 13130 13131 13132 13131 13131 13158 13132 13131 13131 12988
 13131 13130 13130 13157 13131 13130 13131 13130] 
Iteration: 3 
Particle positions: [[-300 -300 -300 -300 -300 -300 -300 -287 -300 -300 -300 -245 -300 -300
  -300 -271 -300 -300 -300 -300]] 
Fitness: [13131 13131 13131 13130 13130 13131 13131 13149 13130 13131 13130 13134
 13130 13130 13131 13157 13131 13131 13131 13131] 
Iteration: 4 
Particle positions: [[-300 -300 -300 -300 -300 -300 -300 -249 -300 -300 -300 -300 -300 -300
  -300 -272 -300 -300 -300 -300]] 
Fitness: [13131 13131 13130 13129 13131 13130 13130 13142 13131 13130 13131 13130
 13130 13131 13129 13157 13130 13130 13131 13130] 
Iteration: 5 
Particle positions: [[-300 -300 -300 -300 -300 -300 -300 -267 -300 -300 -300 -251 -300 -300
  -300 -260 -300 -300 -300 -300]] 
Fitness: [13130 13130 13130 13131 13130 13129 13130 13156 13131 13130 13130 13144
 13130 13130 13131 13151 13130 13131 13130 13131] 
Iteration: 6 
Particle positions: [[-300 -300 -257 -300 -300 -294 -300 -287 -300 -300 -300 -240 -300 -300
  -300 -279 -300 -300 -300 -300]] 
Fitness: [13131 13129 13150 13131 13132 13142 13131 13150 13130 13130 13130 13093
 13131 13130 13132 13155 13131 13130 13130 13131] 
Iteration: 7 
Particle positions: [[-270 -300 -226 -300 -300 -259 -300 -278 -300 -300 -300 -274 -300 -283
  -300 -281 -290 -300 -300 -300]] 
Fitness: [13157 13130 13059 13131 13131 13152 13130 13155 13130 13131 13130 13156
 13131 13152 13131 13154 13146 13131 13131 13131] 
Iteration: 8 
Particle positions: [[-248 -286 -271 -300 -300 -238 -259 -237 -300 -300 -300 -293 -300 -252
  -294 -248 -254 -300 -300 -300]] 
Fitness: [13139 13149 13156 13130 13130 13088 13152 13086 13130 13131 13130 13142
 13131 13145 13141 13140 13147 13130 13131 13130] 
Iteration: 9 
Particle positions: [[-298 -261 -300 -300 -286 -275 -241 -300 -272 -292 -300 -293 -300 -277
  -275 -245 -252 -281 -300 -297]] 
Fitness: [13134 13154 13131 13131 13150 13156 13095 13131 13156 13144 13130 13143
 13131 13157 13157 13135 13145 13155 13130 13136] 
Iteration: 10 
Particle positions: [[-263 -247 -242 -289 -271 -294 -295 -294 -253 -254 -290 -250 -300 -282
  -261 -282 -269 -266 -259 -264]] 
Fitness: [13155 13138 13096 13147 13157 13140 13139 13140 13146 13147 13147 13143
 13131 13153 13153 13154 13156 13157 13152 13155] 
Iteration: 11 
Particle positions: [[-244 -282 -252 -281 -258 -277 -297 -231 -274 -241 -262 -263 -282 -283
  -281 -279 -280 -258 -243 -251]] 
Fitness: [13133 13153 13144 13154 13151 13156 13135 13071 13156 13094 13155 13155
 13154 13152 13153 13155 13155 13151 13132 13144] 
Iteration: 12 
Particle positions: [[-300 -261 -300 -271 -266 -256 -201 -281 -279 -256 -254 -285 -265 -258
  -282 -270 -254 -268 -283 -266]] 
Fitness: [13130 13153 13131 13156 13158 13149 12970 13153 13155 13149 13147 13150
 13156 13152 13154 13156 13147 13157 13152 13157] 
Iteration: 13 
Particle positions: [[-281 -255 -296 -265 -273 -258 -202 -277 -277 -265 -272 -274 -256 -286
  -247 -262 -269 -275 -243 -276]] 
Fitness: [13154 13148 13137 13157 13157 13151 12974 13155 13155 13156 13157 13157
 13150 13150 13138 13155 13157 13157 13131 13157] 
Iteration: 14 
Particle positions: [[-237 -268 -282 -264 -271 -300 -300 -261 -263 -275 -282 -264 -270 -285
  -292 -264 -277 -261 -276 -267]] 
Fitness: [13086 13157 13153 13156 13158 13131 13131 13154 13156 13157 13153 13156
 13156 13151 13142 13156 13156 13154 13157 13157] 
Iteration: 15 
Particle positions: [[-245 -276 -234 -265 -267 -257 -243 -274 -257 -270 -271 -274 -270 -262
  -300 -267 -266 -271 -283 -261]] 
Fitness: [13133 13157 13079 13157 13156 13150 13131 13155 13150 13156 13156 13157
 13156 13154 13131 13156 13156 13157 13153 13154] 
Iteration: 16 
Particle positions: [[-278 -276 -280 -273 -266 -257 -265 -263 -284 -273 -266 -277 -263 -284
  -289 -271 -264 -265 -268 -271]] 
Fitness: [13156 13156 13155 13157 13156 13151 13156 13155 13153 13158 13156 13155
 13156 13151 13147 13158 13155 13156 13156 13157] 
Iteration: 17 
Particle positions: [[-289 -263 -275 -272 -271 -292 -282 -262 -280 -266 -279 -258 -266 -271
  -265 -269 -275 -266 -277 -263]] 
Fitness: [13147 13155 13156 13157 13157 13143 13153 13154 13154 13157 13155 13151
 13156 13157 13156 13157 13157 13156 13156 13156] 
Iteration: 18 
Particle positions: [[-268 -272 -264 -265 -268 -257 -266 -265 -254 -265 -261 -272 -271 -273
  -275 -270 -275 -267 -269 -267]] 
Fitness: [13157 13157 13155 13155 13158 13150 13156 13156 13147 13156 13153 13157
 13157 13157 13156 13157 13157 13157 13156 13156] 
Iteration: 19 
Particle positions: [[-260 -266 -272 -262 -264 -276 -258 -280 -276 -286 -275 -277 -270 -278
  -271 -270 -265 -268 -270 -269]] 
Fitness: [13153 13156 13157 13154 13156 13156 13151 13155 13157 13149 13157 13155
 13156 13155 13157 13157 13156 13156 13157 13157] 
place side object: 2 
Object: 0 
Iteration: 0 
Particle positions: [[ -60 -188 -101 -104  221  229 -252 -123   27  -94  -79  286  223 -178
    34 -163 -121 -173  -37 -290]] 
Fitness: [11711 12435 11983 12002  8447  8338 12567 12115 10916 11937 11839  7540
  8420 12402 10838 12347 12102 12385 11539 12605] 
Iteration: 1 
Particle positions: [[-143 -201 -117 -223 -114  -96 -277 -300 -300 -300 -300  -94 -300 -300
    -3 -242 -216 -216 -300 -290]] 
Fitness: [12260 12470 12080 12523 12062 11950 12612 12594 12594 12595 12594 11938
 12594 12595 11199 12556 12507 12507 12594 12605] 
Iteration: 2 
Particle positions: [[-300 -300 -178 -300 -300 -300 -299 -300 -300 -300 -300 -300 -300 -300
  -300 -300 -300 -289 -300 -270]] 
Fitness: [12593 12593 12402 12594 12594 12594 12595 12594 12594 12593 12593 12594
 12594 12594 12593 12593 12595 12605 12594 12612] 
Iteration: 3 
Particle positions: [[-300 -300 -300 -300 -300 -300 -260 -300 -300 -300 -300 -300 -300 -300
  -300 -300 -300 -300 -300 -255]] 
Fitness: [12595 12594 12594 12593 12594 12594 12572 12593 12593 12594 12594 12594
 12593 12594 12594 12594 12593 12593 12593 12568] 
Iteration: 4 
Particle positions: [[-300 -300 -300 -300 -300 -300 -261 -300 -300 -300 -300 -300 -300 -300
  -300 -300 -300 -293 -300 -264]] 
Fitness: [12594 12594 12593 12594 12593 12594 12572 12594 12594 12594 12593 12593
 12594 12593 12593 12594 12594 12602 12593 12611] 
Iteration: 5 
Particle positions: [[-300 -300 -300 -300 -300 -300 -287 -300 -300 -300 -300 -300 -300 -300
  -300 -300 -300 -281 -300 -290]] 
Fitness: [12593 12593 12594 12593 12593 12593 12607 12594 12593 12594 12594 12593
 12593 12594 12594 12594 12594 12611 12593 12604] 
Iteration: 6 
Particle positions: [[-300 -300 -287 -300 -300 -300 -290 -300 -300 -300 -300 -300 -300 -291
  -300 -279 -289 -269 -300 -300]] 
Fitness: [12593 12595 12608 12593 12594 12594 12605 12593 12593 12594 12593 12593
 12593 12604 12594 12611 12606 12613 12594 12594] 
Iteration: 7 
Particle positions: [[-281 -264 -261 -300 -300 -300 -238 -300 -300 -295 -300 -300 -300 -256
  -300 -260 -278 -260 -300 -261]] 
Fitness: [12611 12610 12572 12594 12594 12594 12550 12595 12594 12601 12593 12594
 12594 12569 12594 12572 12611 12572 12593 12571] 
Iteration: 8 
Particle positions: [[-257 -244 -256 -264 -300 -300 -253 -283 -281 -261 -277 -300 -300 -263
  -300 -290 -259 -272 -300 -256]] 
Fitness: [12571 12559 12569 12610 12594 12593 12567 12609 12612 12572 12612 12594
 12593 12611 12594 12605 12571 12613 12595 12569] 
Iteration: 9 
Particle positions: [[-249 -260 -280 -242 -280 -276 -300 -253 -247 -296 -255 -300 -300 -270
  -282 -272 -297 -273 -266 -265]] 
Fitness: [12563 12571 12611 12556 12610 12612 12594 12567 12561 12599 12569 12593
 12594 12612 12611 12612 12597 12612 12611 12612] 
Iteration: 10 
Particle positions: [[-258 -285 -289 -254 -249 -251 -266 -260 -300 -280 -264 -268 -297 -274
  -263 -255 -297 -261 -245 -276]] 
Fitness: [12571 12609 12605 12568 12563 12566 12613 12571 12594 12611 12612 12613
 12597 12613 12611 12569 12598 12572 12560 12612] 
Iteration: 11 
Particle positions: [[-296 -259 -278 -294 -300 -293 -247 -296 -291 -250 -300 -247 -248 -270
  -254 -278 -275 -267 -286 -268]] 
Fitness: [12598 12571 12611 12602 12594 12602 12562 12599 12604 12564 12594 12561
 12563 12614 12568 12611 12612 12612 12607 12611] 
Iteration: 12 
Particle positions: [[-295 -246 -258 -261 -300 -267 -285 -300 -262 -263 -249 -245 -251 -267
  -285 -278 -257 -276 -269 -265]] 
Fitness: [12600 12561 12571 12573 12593 12612 12609 12593 12610 12611 12564 12560
 12566 12612 12608 12611 12569 12612 12612 12611] 
Iteration: 13 
Particle positions: [[-264 -264 -274 -253 -234 -256 -280 -242 -271 -282 -262 -290 -300 -270
  -284 -264 -266 -271 -261 -272]] 
Fitness: [12611 12611 12612 12568 12544 12570 12612 12556 12612 12611 12611 12605
 12594 12613 12610 12612 12612 12612 12572 12613] 
Iteration: 14 
Particle positions: [[-278 -278 -280 -259 -278 -270 -255 -265 -281 -288 -296 -280 -300 -272
  -257 -273 -283 -264 -259 -273]] 
Fitness: [12612 12612 12610 12571 12611 12613 12569 12611 12610 12607 12599 12611
 12594 12612 12569 12612 12609 12611 12571 12612] 
Iteration: 15 
Particle positions: [[-282 -285 -261 -277 -296 -277 -284 -282 -267 -269 -281 -246 -261 -268
  -286 -276 -268 -271 -262 -270]] 
Fitness: [12610 12608 12572 12612 12599 12612 12609 12610 12611 12612 12611 12560
 12572 12612 12607 12612 12612 12613 12611 12613] 
Iteration: 16 
Particle positions: [[-283 -265 -272 -272 -262 -264 -256 -244 -275 -260 -259 -257 -300 -267
  -294 -263 -264 -271 -283 -272]] 
Fitness: [12609 12612 12611 12613 12610 12611 12569 12557 12613 12573 12571 12570
 12594 12612 12601 12611 12611 12612 12609 12613] 
Iteration: 17 
Particle positions: [[-265 -276 -278 -269 -270 -263 -275 -255 -274 -270 -286 -297 -300 -276
  -267 -264 -289 -269 -264 -272]] 
Fitness: [12612 12613 12612 12612 12612 12612 12612 12569 12612 12613 12608 12597
 12594 12612 12612 12611 12606 12612 12611 12613] 
Iteration: 18 
Particle positions: [[-270 -272 -267 -270 -274 -280 -271 -275 -271 -275 -279 -243 -244 -261
  -255 -282 -272 -270 -264 -272]] 
Fitness: [12612 12612 12612 12612 12612 12611 12612 12613 12613 12612 12612 12557
 12558 12572 12568 12610 12613 12613 12612 12613] 
Iteration: 19 
Particle positions: [[-274 -271 -273 -273 -271 -263 -258 -284 -277 -267 -266 -279 -300 -274
  -281 -268 -264 -269 -277 -271]] 
Fitness: [12612 12612 12613 12613 12613 12611 12571 12610 12612 12612 12612 12612
 12594 12612 12611 12613 12611 12612 12612 12613] 
Type: 1 
Bin: 0 
place side object: 0 
Object: 0 
Iteration: 0 
Particle positions: [[  92 -238  163 -114 -228   -1  257  273   60 -266 -215 -208   65  225
   271   50  -68  121  220 -256]] 
Fitness: [12172 10584 12286 11373 10653 11895 12347 12304 12122 10390 10742 10789
 12139 12321 12304 12087 11623 12244 12319 10457] 
Iteration: 1 
Particle positions: [[ 139  277  186  111  202  290  257  242   66   14   33  161  290  267
   259  261  249  243  279 -171]] 
Fitness: [12288 12302 12321 12215 12346 12307 12347 12335 12143 11954 12021 12283
 12307 12306 12348 12349 12343 12337 12301 11031] 
Iteration: 2 
Particle positions: [[266 290 241 290 290 290 265 252 228 290 265 290 290 238 250 290 290 290
  200 290]] 
Fitness: [12305 12307 12335 12307 12307 12307 12306 12345 12321 12307 12305 12307
 12307 12330 12343 12307 12307 12307 12343 12307] 
Iteration: 3 
Particle positions: [[290 290 290 290 290 290 256 276 290 290 290 290 290 224 259 290 290 290
  250 290]] 
Fitness: [12306 12307 12307 12307 12307 12306 12347 12303 12306 12307 12307 12307
 12307 12320 12348 12307 12307 12307 12343 12307] 
Iteration: 4 
Particle positions: [[290 290 256 290 269 290 257 258 276 290 290 290 290 271 268 290 290 182
  216 290]] 
Fitness: [12307 12306 12348 12307 12305 12306 12347 12348 12302 12307 12307 12307
 12307 12305 12305 12308 12307 12313 12316 12307] 
Iteration: 5 
Particle positions: [[289 290 231 290 183 290 265 249 168 290 290 290 290 254 265 263 290 131
  177 290]] 
Fitness: [12306 12307 12321 12306 12316 12307 12306 12343 12292 12306 12308 12307
 12307 12345 12306 12305 12307 12270 12302 12307] 
Iteration: 6 
Particle positions: [[279 290 232 290 199 290 268 272 216 290 290 290 290 244 253 236 233 114
  290 290]] 
Fitness: [12301 12307 12322 12307 12342 12307 12306 12304 12316 12308 12308 12307
 12307 12338 12344 12328 12323 12224 12308 12307] 
Iteration: 7 
Particle positions: [[274 290 290 290 255 290 254 248 290 262 252 290 254 267 268 266 204 290
  206 290]] 
Fitness: [12303 12307 12307 12307 12346 12307 12345 12341 12307 12349 12345 12307
 12346 12305 12305 12305 12349 12307 12351 12306] 
Iteration: 8 
Particle positions: [[278 290 175 265 168 255 161 198 290 187 140 187 158 168 222 233 185 290
  145 290]] 
Fitness: [12301 12306 12602 12305 12292 12347 12283 12341 12307 12323 12290 12324
 12278 12292 12320 12323 12320 12307 12300 12307] 
Iteration: 9 
Particle positions: [[197 116  95 184 127 159 270 234 121 268  99  95 175 273 192 205 181 290
  163 210]] 
Fitness: [12340 12229 12180 12318 12259 12281 12304     0 12243 12305 12190 12181
 12300 12303 12332 12351 12311 12307 12286 12355] 
Iteration: 10 
Particle positions: [[122 290  85 125 163 255 176 276  58 139 196 290 290 173 160 181 175  68
  235 125]] 
Fitness: [12247 12306 12155 12254 12286 12347 12301 12303 12116 12288 12338 12307
 12307 12297 12282 12311 12603 12149 12326 12254] 
Iteration: 11 
Particle positions: [[276 290 200 196 230 249 266 133 290 277 290 290 290 219 273 162 171 290
  206 226]] 
Fitness: [12303 12308 12343 12338 12321 12342 12305 12275 12307 12303 12307 12307
 12307 12319 12304 12285 12296 12307 12351 12321] 
Iteration: 12 
Particle positions: [[290 290 216 211 216 169 290 290 290 200 246 -94  71 202 290 192 182 151
  130 253]] 
Fitness: [12308 12307 12316 12312 12315 12294 12308 12308 12307 12344 12339 11483
 12158 12346 12307 12332 12313 12268 12267 12345] 
Iteration: 13 
Particle positions: [[176 290  92 130 153 190  65 290 140 221 116 290 132 150 207 222 165 138
  169 188]] 
Fitness: [12301 12308 12173 12267 12272 12328 12139 12307 12290 12319 12230 12307
 12272 12310 12352 12319 12288 12285 12294 12325] 
Iteration: 14 
Particle positions: [[112  94 191 171 192 290 150 216 192 235 162 216 226 216 149 121 177 290
  242 167]] 
Fitness: [12217 12178 12330 12296 12331 12307 12309 12317 12332 12326 12285 12316
 12321 12316 12308 12243 12303 12307 12335 12291] 
Iteration: 15 
Particle positions: [[245 270 188 205 205 251 290 174 195 218 290 122 290 159 188 245 181 290
  124 239]] 
Fitness: [12339 12305 12324 12350 12350 12344 12307 12299 12337 12317 12307 12247
 12307 12281 12325 12339 12311 12308 12252 12332] 
Iteration: 16 
Particle positions: [[250 226 150 164 198  97 260 290 164 271 203 206 127 221 214 224 166 213
  141 129]] 
Fitness: [12343 12321 12309 12288 12341 12185 12348 12308 12288 12305 12347 12350
 12260 12319 12315 12320 12290 12314 12293 12265] 
Iteration: 17 
Particle positions: [[103 146 197 168 189 290 187 256 183 164 158 210 131 162 214 142 177 165
  216 290]] 
Fitness: [12199 12302 12339 12292 12327 12307 12323 12347 12315 12287 12278 12355
 12270 12285 12315 12294 12303 12289 12316 12307] 
Iteration: 18 
Particle positions: [[197 290 202 232 162 290 165 221 208 269 195 144 290 171 161 176 178 208
  221 259]] 
Fitness: [12339 12308 12346 12321 12284 12307 12289 12319 12353 12305 12337 12298
 12307 12296 12283 12300 12304 12353 12318 12348] 
Iteration: 19 
Particle positions: [[290 181 146 128 177  73 240 153 158 206 220 245 290 185 236 201 171 213
  213 137]] 
Fitness: [12308 12311 12302 12263 12303 12164 12333 12271 12279 12351 12319 12339
 12307 12318 12328 12345 12295 12314 12314 12283] 
Object: 1 
Iteration: 0 
Particle positions: [[ 191  -26 -141  105   46 -198  234  -35  243  140  107 -189  -77  -40
   -25  155 -161  100  -78   69]] 
Fitness: [12463 12105 11486 12456 12333 11034 12381 12067 12375 12453 12459 11112
 11852 12044 12110 12457 11338 12446 11846 12388] 
Iteration: 1 
Particle positions: [[190 188 186 223 166 -76 216 290 187 228 208 289 275 290 244 177  -7 140
  290 132]] 
Fitness: [12463 12464 12465 12396 12456 11857 12405 12247 12464 12388 12413 12250
 12285 12247 12374 12462 12189 12454 12247 12490] 
Iteration: 2 
Particle positions: [[149 290 290 111 249 223 179 290  99 -23 134 290 290 290 290 161 290 167
  290 187]] 
Fitness: [12457 12248 12247 12464 12370 12396 12463 12247 12444 12119 12491 12248
 12247 12247 12247 12457 12247 12456 12246 12464] 
Iteration: 3 
Particle positions: [[130 290 279  56 152 290  69 290 193 128  71 290 185 290 276 142 290 136
  290 146]] 
Fitness: [    0 12248 12276 12358 12457 12248 12388 12248 12462 12487 12392 12247
 12464 12247 12282 12454 12247 12452 12248 12456] 
Iteration: 4 
Particle positions: [[ 235 -167   -7  262   60  246  170  290  189  255  133  286   42  290
   235  194  290  163  290   87]] 
Fitness: [12380 11291 12188 12352 12368 12373 12459 12248 12463 12363 12491 12258
 12364 12247 12380 12462 12247 12456 12247 12419] 
Iteration: 5 
Particle positions: [[  65 -300  104  -69   94  170  202   96  143    2  185   19   -5  290
   166  179  184  183  162  129]] 
Fitness: [12380 10002 12453 11896 12434 12458 12459 12439 12456 12225 12463 12291
 12196 12247 12456 12463 12463 12463 12456 12486] 
Iteration: 6 
Particle positions: [[ 179  -52  256 -202  208   49  158  -38  154  184  147   -4  290   11
    78  152   42  168   32  166]] 
Fitness: [12463 11985 12361 11000 12413 12341 12457 12052 12457 12464 12456 12200
 12247 12261 12405 12458 12364 12457 12334 12456] 
Iteration: 7 
Particle positions: [[ 230  290   75  290  196  270  120  169  175  215  104   89  290 -123
   230  114  217  116  219  108]] 
Fitness: [12385 12248 12399 12248 12462 12295 12477 12458 12461 12407 12454 12423
 12248 11614 12386 12470 12404 12473 12401 12459] 
Iteration: 8 
Particle positions: [[198 290 235 290 160 227 112 261 161 111 126 226  59 220 287  90 139  96
  194  89]] 
Fitness: [12461 12247 12380 12247 12457 12391 12466     0 12456 12465 12484 12392
 12366 12400 12256 12426 12453 12437 12462 12424] 
Iteration: 9 
Particle positions: [[157 200 242 156 113 150 153 136 151  77 165  67  -5 290  18 126 127 121
   81 175]] 
Fitness: [12458 12460 12376 12457 12468 12714 12458 12451 12457 12403 12455 12384
 12196 12248 12287 12484 12486 12479 12409 12462] 
Iteration: 10 
Particle positions: [[152 119 -23  28 137  98 153  87 152  96 151  21 290 175 143 193 140 138
  179 164]] 
Fitness: [12457 12476 12118 12322 12452 12443 12457 12419 12457 12438 12457 12297
 12247 12461 12454 12463 12453 12453 12463 12456] 
Iteration: 11 
Particle positions: [[195 126  31 175 171 206 131 117 189 152 113 226 277  90 231 117 130 168
  226  87]] 
Fitness: [12462 12484 12330 12461 12459 12456 12489 12474 12464 12457 12468 12392
 12280 12426 12384 12474     0 12457 12392 12419] 
Iteration: 12 
Particle positions: [[193 166 290 138  62  78 130 192 195 152 135 290 -22 181 108 119 138 131
   65 119]] 
Fitness: [12463 12456 12247 12453 12372 12404     0 12463 12462 12457 12451 12247
 12123 12463 12460 12477 12452 12489 12380 12476] 
Iteration: 13 
Particle positions: [[166 128 290  96 181 150 164 176 180 101 173 204 203 232  63 144 136 111
   21 171]] 
Fitness: [12456 12486 12247 12438 12464 12712 12455 12461 12464 12448 12461 12458
 12459 12382 12374 12455 12451 12464 12297 12459] 
Iteration: 14 
Particle positions: [[140 113  60 131 138 191 157 108 120 184 123 142 273  65 194 151 146 158
  290 134]] 
Fitness: [12454 12468 12368 12489 12452 12463 12457 12460 12477 12463 12481 12454
 12289 12379 12462 12677 12456 12457 12247 12491] 
Iteration: 15 
Particle positions: [[226 108 223 168 111 130 132  83 112 120 123 222 -92 263 226 154 127 132
  289 123]] 
Fitness: [12392 12461 12396 12457 12465 12496 12490 12412 12466 12478 12481 12398
 11763 12351 12392 12457 12485 12490 12251 12481] 
Iteration: 16 
Particle positions: [[116 217  98  95 111 159 128 175 168 123 131 218 290  43 103 149 158 152
  149 142]] 
Fitness: [12472 12404 12443 12437 12465 12457 12486 12461 12457 12481 12488 12402
 12247 12366 12452 12457 12457 12458 12458 12454] 
Iteration: 17 
Particle positions: [[ 64 143 212 135 132 152 168 194 128 169 159 206 290 259  84 148 127 154
   87 137]] 
Fitness: [12377 12455 12410 12450 12490 12457 12456 12463 12486 12458 12457 12456
 12247 12357 12413 12456 12485 12458 12419 12452] 
Iteration: 18 
Particle positions: [[196  86 137 155 171 142 154  95 130 128 131 112 -21 121 234 151 112 145
  198 147]] 
Fitness: [12462 12417 12452 12456 12460 12455 12457 12436     0 12487 12488 12466
 12127 12479 12381 12677 12466 12456 12461 12456] 
Iteration: 19 
Particle positions: [[160 212 160 119 113 156 136 100 163 125 159  79 290  66 122 151 187 146
  200 142]] 
Fitness: [12458 12409 12458 12475 12468 12458 12451 12446 12456 12483 12458 12406
 12247 12382 12479 12676 12463 12456 12460 12454] 
Object: 2 
Iteration: 0 
Particle positions: [[-256   43  157  289 -159  131 -163 -268  -78  119   -3  219  139   65
   279   31  180 -119   17  -88]] 
Fitness: [ 9771 12622 12755 12409 11206 12744 11156  9555 12004 12738 12437 12643
 12751 12690 12439 12579 12702 11638 12524 11922] 
Iteration: 1 
Particle positions: [[181  44 156 284 246 155 216 290  52 127 107 142 164 142 253 247 178   0
  165  -6]] 
Fitness: [12701 12626 12755 12424 12587 12755 12646 12406 12652 12740 12728 12752
 12753 12752 12527 12585 12704 12451 12752 12423] 
Iteration: 2 
Particle positions: [[290 205 155 257 290 178 290 290 271 177 246  79 175 220  39 290 145 290
  280 103]] 
Fitness: [12406 12663 12754 12515 12405 12704 12406 12405 12469 12745 12587 12724
 12745 12641 12608 12406 12754 12406 12435 12725] 
Iteration: 3 
Particle positions: [[ 275  254  158  104  225  168  287  290  248  215  239  154  148  132
  -103  123  134  290   69  252]] 
Fitness: [    0 12524 12756 12725 12632 12752 12414 12406 12583 12648 12605 12755
 12754 12744 11792 12740 12747 12406 12701 12571] 
Iteration: 4 
Particle positions: [[ 235  114  161   56  108  154  110  290   24  180  -87  220  141  100
   290  -14  144 -160  -83  133]] 
Fitness: [12614 12735 12753 12665 12730 12754 12731 12405 12550 12702 11930 12640
 12750 12721 12405 12382 12752 11194 11963 12745] 
Iteration: 5 
Particle positions: [[ 82  46 160 107  37 148  21 290  17 142 290 164 155 216 184  56 162 214
  290  46]] 
Fitness: [12730 12633 12753 12729 12600 12754 12539 12406 12524 12752 12406 12752
 12755 12646 12697 12665 12754 12649 12406 12633] 
Iteration: 6 
Particle positions: [[ -1 164 156 162 258 146  97 236 167 137 290 107 169 208  90 290 167 290
  290 108]] 
Fitness: [12447 12753 12755 12754 12512 12753 12718 12612 12752 12748 12406 12728
 12751 12658 12707 12406 12751 12406 12406 12731] 
Iteration: 7 
Particle positions: [[267 249 159 201 222 160 259  85 272 171 -36 218 146 105  47 268 151 290
  290 217]] 
Fitness: [12482 12580 12754 12672 12637 12754 12509 12735 12465 12749 12299 12645
 12754 12727 12635 12479 12755 12405 12406 12645] 
Iteration: 8 
Particle positions: [[  18  126  158  135 -111  167   64   27   45  138  123  165  150   42
   202  -22  150   84  -15   51]] 
Fitness: [12528 12740 12754 12748 11716 12751 12688 12561 12631 12749 12741 12752
 12753 12619 12670 12340 12755 12735 12378 12649] 
Iteration: 9 
Particle positions: [[ 210   87  157  143 -134  151    7   62  110  152  262  121  160  290
    76   -1  163    5  250   44]] 
Fitness: [12655 12740 12755 12752 11486 12755 12483 12682 12732 12754 12500 12739
 12754 12406 12717 12447 12753 12474 12577 12626] 
Iteration: 10 
Particle positions: [[289 261 157 198 285 153  66 238 263 163 -15 138 159 290 113 290 151 183
  148 261]] 
Fitness: [12408 12503 12754 12678 12421 12755 12693 12606 12497 12754 12377 12750
 12755 12406 12735 12406 12755 12699 12754 12503] 
Iteration: 11 
Particle positions: [[ 127  141  160  180  290  162  164  -72  -22  143  290  174  157 -140
   204  -16  156  239  100    1]] 
Fitness: [12741 12751 12754 12703 12406 12753 12752 12050 12339 12753 12406 12747
 12754 11423 12666 12372 12755 12605 12722 12457] 
Iteration: 12 
Particle positions: [[ 31  86 157 123 116 158 216 190 283 131 237 186 154 110  89  58 159 187
  144 111]] 
Fitness: [12577 12738 12754 12740 12736 12754 12646 12690 12427 12744 12609 12696
 12755 12732 12706 12670 12755 12694 12752 12733] 
Iteration: 13 
Particle positions: [[180 129 155 131  71 150  95 147 203 163   1 125 155 290  82 164 159  18
  188 269]] 
Fitness: [12703 12742 12754 12744 12705 12755 12715 12753 12668 12753 12456 12740
 12755 12406 12730 12753 12754 12528 12693 12477] 
Iteration: 14 
Particle positions: [[168 226 155 142 204 155  83 136 101 161 290 155 156 263 170 213 148  30
  171 221]] 
Fitness: [12751 12631 12754 12751 12665 12754 12732 12748 12722 12754 12406 12755
 12756 12496 12750 12651 12754 12573 12748 12639] 
Iteration: 15 
Particle positions: [[145 169 161 212  89 158 169 135 143 144 277 175 158  62 201 104 150 290
  148   9]] 
Fitness: [12752 12750 12753 12652 12705 12754 12750 12747 12752 12752 12445 12746
 12754 12683 12671 12726 12754 12406 12754 12491] 
Iteration: 16 
Particle positions: [[134 122 156 187 116 159 188 156 202 138  -1 146 158 -29 149 149 164 233
  151 -44]] 
Fitness: [12746 12740 12755 12694 12736 12756 12693 12755 12670 12749 12447 12755
 12754 12298 12754 12754 12752 12617 12755 12248] 
Iteration: 17 
Particle positions: [[144 200 157 126 205 157 155 166 200 189 175 136 155 290 130 186 159 -92
  156  91]] 
Fitness: [12752 12674 12754 12740 12664 12755 12754 12751 12675 12691 12746 12748
 12755 12406 12742 12696 12754 11889 12755 12708] 
Iteration: 18 
Particle positions: [[172 150 159 117 138 159 140 162  60 146 256 149 157 290 189 115 145 156
  157 256]] 
Fitness: [12749 12755 12754 12737 12750 12754 12751 12754 12676 12753 12518 12754
 12755 12406 12692 12736 12754 12754 12754 12518] 
Iteration: 19 
Particle positions: [[158 130 158 148 116 160 136 148 290 153 159 181 159   1 125 196 147 270
  149 161]] 
Fitness: [12755 12742 12754 12754 12736 12754 12748 12753 12406 12754 12754 12702
 12754 12457 12740 12681 12753 12472 12754 12755] 
place side object: 1 
Object: 0 
Iteration: 0 
Particle positions: [[-170 -175  -66 -112  177  -17  -72   -7    4   34  102   41 -104   97
  -164  -39 -296  248  -48 -241]] 
Fitness: [10219 10125 10840 10561 12048 11138 10803 11198 11264 11383 11746 11422
 10609 11720 10253 11005  9399 12283 10950  9717] 
Iteration: 1 
Particle positions: [[ 290  290   70  290  278  177   74   71  250   83  127   67  143  277
    -3  290 -150  248   40   -8]] 
Fitness: [12376 12376 11575 12376 12331 12048 11595 11580 12290 11643 11823 11559
 11895 12327 11221 12376 10335 12282 11416 11192] 
Iteration: 2 
Particle positions: [[290 290 290 290 290 290 290 290 290 290 290 290 290 290 205 290 290 252
  290 290]] 
Fitness: [12377 12376 12376 12376 12376 12376 12376 12376 12376 12376 12375 12377
 12376 12377 12118 12375 12376 12297 12377 12377] 
Iteration: 3 
Particle positions: [[290 290 290 290 290 290 290 290 290 290 290 290 290 290 290 290 290 274
  290 290]] 
Fitness: [12376 12376 12376 12376 12376 12376 12376 12377 12377 12376 12376 12376
 12376 12376 12376 12376 12377 12319 12376 12377] 
Iteration: 4 
Particle positions: [[290 290 290 290 290 290 290 290 290 290 290 290 290 290 290 290 290 290
  290 290]] 
Fitness: [12376 12376 12376 12376 12376 12376 12376 12377 12375 12376 12376 12376
 12377 12376 12377 12377 12376 12376 12376 12375] 
Iteration: 5 
Particle positions: [[290 290 290 290 290 290 290 290 290 290 290 290 290 290 290 290 290 290
  290 290]] 
Fitness: [12376 12376 12376 12376 12376 12376 12376 12376 12376 12376 12376 12376
 12376 12376 12376 12376 12376 12376 12376 12376] 
Iteration: 6 
Particle positions: [[290 290 290 290 290 290 290 290 290 290 290 290 290 290 290 290 290 290
  290 290]] 
Fitness: [12375 12376 12377 12376 12377 12376 12376 12377 12376 12377 12376 12376
 12377 12376 12376 12377 12375 12377 12376 12376] 
Iteration: 7 
Particle positions: [[290 290 290 290 290 290 290 290 290 290 290 290 290 290 290 290 290 290
  290 290]] 
Fitness: [12376 12376 12376 12376 12377 12376 12375 12376 12376 12377 12376 12376
 12376 12376 12376 12377 12376 12377 12376 12376] 
Iteration: 8 
Particle positions: [[290 290 290 290 290 290 290 290 290 290 290 290 290 290 290 290 290 290
  290 290]] 
Fitness: [12376 12377 12376 12375 12376 12376 12376 12376 12376 12376 12376 12376
 12376 12376 12376 12376 12377 12375 12376 12376] 
Iteration: 9 
Particle positions: [[290 290 290 290 290 290 290 290 290 290 290 290 290 290 290 290 290 290
  290 290]] 
Fitness: [12376 12376 12376 12376 12376 12377 12376 12376 12376 12376 12376 12376
 12377 12376 12377 12376 12375 12376 12376 12376] 
Iteration: 10 
Particle positions: [[290 290 290 290 290 290 290 290 290 290 290 290 290 290 290 290 290 290
  290 290]] 
Fitness: [12376 12376 12376 12376 12376 12377 12376 12376 12376 12376 12376 12376
 12376 12376 12376 12376 12377 12376 12376 12376] 
Iteration: 11 
Particle positions: [[290 290 290 290 290 290 290 290 290 290 290 290 290 290 290 290 290 290
  290 290]] 
Fitness: [12376 12376 12376 12376 12376 12377 12376 12376 12376 12376 12376 12376
 12376 12376 12376 12376 12375 12376 12375 12376] 
Iteration: 12 
Particle positions: [[290 290 290 290 290 290 290 290 290 290 290 290 290 290 290 290 290 290
  290 290]] 
Fitness: [12377 12376 12376 12376 12376 12376 12376 12376 12377 12376 12376 12376
 12376 12376 12376 12375 12376 12376 12375 12376] 
Iteration: 13 
Particle positions: [[290 290 290 290 290 290 290 290 290 290 290 290 290 290 290 290 290 290
  290 290]] 
Fitness: [12376 12375 12376 12376 12375 12377 12376 12376 12376 12376 12377 12376
 12376 12376 12376 12376 12376 12376 12376 12376] 
Iteration: 14 
Particle positions: [[290 290 290 290 290 290 290 290 290 290 290 290 290 290 290 290 290 290
  290 290]] 
Fitness: [12376 12376 12376 12376 12376 12376 12376 12376 12376 12376 12376 12376
 12376 12376 12376 12376 12376 12376 12376 12377] 
Iteration: 15 
Particle positions: [[290 290 290 290 290 290 290 290 290 290 290 290 290 290 290 290 290 290
  290 290]] 
Fitness: [12376 12376 12376 12377 12376 12376 12376 12376 12375 12376 12376 12376
 12375 12376 12376 12376 12377 12376 12375 12375] 
Iteration: 16 
Particle positions: [[290 290 290 290 290 290 290 290 290 290 290 290 290 290 290 290 290 290
  290 290]] 
Fitness: [12376 12375 12376 12377 12377 12376 12376 12376 12376 12376 12376 12376
 12376 12376 12375 12375 12376 12376 12376 12376] 
Iteration: 17 
Particle positions: [[290 290 290 290 290 290 290 290 290 290 290 290 290 290 290 290 290 290
  290 290]] 
Fitness: [12376 12375 12376 12375 12376 12376 12376 12376 12376 12376 12376 12375
 12376 12376 12376 12376 12376 12376 12375 12376] 
Iteration: 18 
Particle positions: [[290 290 290 290 290 290 290 290 290 290 290 290 290 290 290 290 290 290
  290 290]] 
Fitness: [12376 12376 12376 12376 12376 12376 12376 12376 12376 12376 12375 12376
 12376 12375 12376 12376 12376 12376 12376 12377] 
Iteration: 19 
Particle positions: [[290 290 290 290 290 290 290 290 290 290 290 290 290 290 290 290 290 290
  290 290]] 
Fitness: [12376 12376 12377 12376 12376 12376 12375 12376 12376 12376 12376 12376
 12376 12376 12376 12376 12376 12376 12377 12376] 
Object: 1 
Iteration: 0 
Particle positions: [[-154  -96 -221  285 -220 -246   22 -162  240   61 -284  -21  142  235
  -194  204 -174 -101  267  -62]] 
Fitness: [10495 10913  9950 12320  9959  9767 11627 10433 12306 11826  9391 11391
 12100 12297 10156 12236 10337 10879 12306 11138] 
Iteration: 1 
Particle positions: [[ 290  290 -100  286  290  290  134  290  290  165  290  172  275  266
   290  211  290  138  290   24]] 
Fitness: [12324 12324 10801 12320 12325 12325 12075 12324 12324 12177 12324 12199
 12314 12305 12324 12249 12324 12086 12324 11638] 
Iteration: 2 
Particle positions: [[290 290 290 290 290 290 290 290 290 289 290 290 290 290 290 290 290 290
  290 290]] 
Fitness: [12323 12323 12324 12324 12324 12324 12324 12324 12323 12322 12324 12324
 12324 12324 12323 12324 12324 12324 12324 12324] 
Iteration: 3 
Particle positions: [[290 290 290 290 290 290 290 290 290 290 290 290 290 290 290 290 290 290
  290 290]] 
Fitness: [12324 12324 12324 12324 12324 12323 12324 12323 12324 12325 12324 12324
 12323 12324 12324 12324 12324 12324 12323 12324] 
Iteration: 4 
Particle positions: [[290 290 290 290 290 290 290 290 290 290 290 290 290 290 290 290 290 290
  290 290]] 
Fitness: [12324 12324 12324 12324 12324 12324 12324 12324 12324 12324 12324 12324
 12324 12324 12324 12324 12324 12324 12324 12324] 
Iteration: 5 
Particle positions: [[290 290 290 290 290 290 290 290 290 290 290 290 290 290 290 290 290 290
  290 290]] 
Fitness: [12324 12324 12324 12324 12324 12324 12324 12324 12324 12324 12324 12324
 12324 12324 12324 12324 12324 12324 12325 12323] 
Iteration: 6 
Particle positions: [[290 290 290 290 290 290 290 290 290 290 290 290 290 290 290 290 290 290
  290 290]] 
Fitness: [12323 12324 12323 12324 12323 12325 12324 12324 12323 12324 12324 12324
 12324 12324 12324 12324 12324 12324 12323 12324] 
Iteration: 7 
Particle positions: [[290 290 290 290 290 290 290 290 290 290 290 290 290 290 290 290 290 290
  290 290]] 
Fitness: [12325 12324 12324 12325 12323 12324 12324 12324 12324 12324 12324 12324
 12324 12325 12323 12324 12324 12323 12324 12324] 
Iteration: 8 
Particle positions: [[290 290 290 290 290 290 290 290 290 290 290 290 290 290 290 290 290 290
  290 290]] 
Fitness: [12324 12324 12324 12324 12324 12324 12324 12324 12324 12324 12324 12324
 12324 12324 12324 12324 12325 12324 12324 12325] 
Iteration: 9 
Particle positions: [[290 290 290 290 290 290 290 290 290 290 290 290 290 290 290 290 290 290
  290 290]] 
Fitness: [12324 12324 12324 12323 12324 12324 12324 12324 12324 12324 12324 12324
 12324 12324 12324 12324 12324 12324 12324 12324] 
Iteration: 10 
Particle positions: [[290 290 290 290 290 290 290 290 290 290 290 290 290 290 290 290 290 290
  290 290]] 
Fitness: [12323 12324 12324 12324 12324 12323 12324 12324 12324 12324 12323 12324
 12324 12324 12324 12323 12324 12324 12324 12324] 
Iteration: 11 
Particle positions: [[290 290 290 290 290 290 290 290 290 290 290 290 290 290 290 290 290 290
  290 290]] 
Fitness: [12324 12324 12324 12324 12324 12324 12324 12324 12324 12324 12324 12324
 12323 12324 12323 12323 12324 12324 12324 12323] 
Iteration: 12 
Particle positions: [[290 290 290 290 290 290 290 290 290 290 290 290 290 290 290 290 290 290
  290 290]] 
Fitness: [12324 12324 12324 12324 12324 12325 12324 12324 12325 12324 12324 12324
 12324 12324 12325 12324 12324 12324 12324 12324] 
Iteration: 13 
Particle positions: [[290 290 290 290 290 290 290 290 290 290 290 290 290 290 290 290 290 290
  290 290]] 
Fitness: [12324 12324 12324 12324 12324 12324 12324 12323 12324 12324 12324 12324
 12324 12324 12324 12324 12325 12324 12324 12324] 
Iteration: 14 
Particle positions: [[290 290 290 290 290 290 290 290 290 290 290 290 290 290 290 290 290 290
  290 290]] 
Fitness: [12324 12324 12325 12324 12324 12324 12324 12323 12324 12324 12323 12324
 12324 12324 12324 12324 12324 12324 12324 12324] 
Iteration: 15 
Particle positions: [[290 290 290 290 290 290 290 290 290 290 290 290 290 290 290 290 290 290
  290 290]] 
Fitness: [12324 12323 12324 12324 12323 12324 12324 12324 12324 12325 12324 12324
 12324 12324 12324 12324 12324 12324 12324 12324] 
Iteration: 16 
Particle positions: [[290 290 290 290 290 290 290 290 290 290 290 290 290 290 290 290 290 290
  290 290]] 
Fitness: [12324 12324 12324 12324 12324 12324 12324 12324 12324 12324 12324 12324
 12324 12324 12323 12324 12324 12324 12323 12324] 
Iteration: 17 
Particle positions: [[290 290 290 290 290 290 290 290 290 290 290 290 290 290 290 290 290 290
  290 290]] 
Fitness: [12324 12324 12324 12323 12324 12323 12324 12324 12324 12324 12324 12323
 12324 12324 12324 12323 12324 12324 12324 12324] 
Iteration: 18 
Particle positions: [[290 290 290 290 290 290 290 290 290 290 290 290 290 290 290 290 290 290
  290 290]] 
Fitness: [12323 12324 12323 12324 12323 12323 12325 12324 12324 12324 12324 12324
 12323 12324 12324 12324 12324 12324 12324 12324] 
Iteration: 19 
Particle positions: [[290 290 290 290 290 290 290 290 290 290 290 290 290 290 290 290 290 290
  290 290]] 
Fitness: [12324 12324 12324 12324 12324 12323 12324 12324 12324 12324 12324 12324
 12324 12324 12324 12323 12324 12323 12324 12324] 
place side object: 2 
Object: 1 
Iteration: 0 
Particle positions: [[-276  -43  -68 -214   85 -153  266 -291  230   61  126  126  264  211
  -106 -170 -132    0  250  143]] 
Fitness: [ 8821 10425 10276  9295 11201  9682 12008  8754 11908 11057 11436 11437
 12001 11819  9983  9609  9863 10599 11947 11529] 
Iteration: 1 
Particle positions: [[ 290  170  290 -141  216   16  266  290  290  290  267  251  264  226
   233  250  123  290  267  290]] 
Fitness: [12106 11618 12106  9790 11844 10782 12009 12106 12106 12107 12012 11952
 12001 11891 11922 11948 11421 12106 12013 12107] 
Iteration: 2 
Particle positions: [[290 290 290 290 290 290 290 290 290 290 290 290 284 290 290 290 290 290
  290 290]] 
Fitness: [12106 12106 12106 12106 12106 12106 12106 12106 12106 12106 12106 12106
 12081 12106 12106 12107 12107 12105 12106 12106] 
Iteration: 3 
Particle positions: [[290 290 290 290 290 290 290 290 290 290 290 290 290 290 290 290 290 290
  290 290]] 
Fitness: [12105 12107 12106 12106 12107 12106 12107 12107 12106 12106 12106 12106
 12106 12106 12106 12107 12106 12107 12106 12106] 
Iteration: 4 
Particle positions: [[290 290 290 290 290 290 290 290 290 290 290 290 290 290 290 290 290 290
  290 290]] 
Fitness: [12106 12106 12106 12106 12107 12106 12106 12105 12106 12105 12106 12106
 12106 12106 12107 12106 12106 12106 12106 12107] 
Iteration: 5 
Particle positions: [[290 290 290 290 290 290 290 290 290 290 290 290 290 290 290 290 290 290
  290 290]] 
Fitness: [12106 12106 12106 12106 12106 12107 12106 12106 12106 12106 12107 12106
 12106 12106 12107 12107 12106 12106 12106 12106] 
Iteration: 6 
Particle positions: [[290 290 290 290 290 290 290 290 290 290 290 290 290 290 290 290 290 290
  290 290]] 
Fitness: [12106 12105 12107 12106 12106 12106 12106 12105 12106 12107 12106 12107
 12106 12106 12106 12107 12106 12106 12106 12107] 
Iteration: 7 
Particle positions: [[290 290 290 290 290 290 290 290 290 290 290 290 290 290 290 290 290 290
  290 290]] 
Fitness: [12105 12107 12106 12105 12106 12106 12107 12106 12106 12106 12105 12106
 12106 12106 12106 12106 12106 12106 12106 12106] 
Iteration: 8 
Particle positions: [[290 290 290 290 290 290 290 290 290 290 290 290 290 290 290 290 290 290
  290 290]] 
Fitness: [12106 12106 12106 12106 12107 12105 12106 12106 12106 12105 12106 12106
 12106 12106 12106 12106 12107 12107 12106 12106] 
Iteration: 9 
Particle positions: [[290 290 290 290 290 290 290 290 290 290 290 290 290 290 290 290 290 290
  290 290]] 
Fitness: [12106 12106 12106 12106 12106 12106 12106 12106 12106 12106 12106 12106
 12106 12106 12106 12106 12106 12106 12106 12106] 
Iteration: 10 
Particle positions: [[290 290 290 290 290 290 290 290 290 290 290 290 290 290 290 290 290 290
  290 290]] 
Fitness: [12106 12106 12106 12107 12106 12106 12107 12106 12106 12106 12106 12106
 12106 12106 12106 12106 12107 12107 12106 12106] 
Iteration: 11 
Particle positions: [[290 290 290 290 290 290 290 290 290 290 290 290 290 290 290 290 290 290
  290 290]] 
Fitness: [12106 12106 12106 12106 12106 12106 12107 12106 12106 12106 12106 12106
 12106 12106 12107 12106 12106 12107 12106 12106] 
Iteration: 12 
Particle positions: [[290 290 290 290 290 290 290 290 290 290 290 290 290 290 290 290 290 290
  290 290]] 
Fitness: [12106 12106 12105 12106 12107 12106 12106 12106 12105 12105 12105 12106
 12107 12106 12106 12106 12106 12106 12106 12106] 
Iteration: 13 
Particle positions: [[290 290 290 290 290 290 290 290 290 290 290 290 290 290 290 290 290 290
  290 290]] 
Fitness: [12106 12107 12106 12105 12106 12107 12106 12106 12106 12106 12106 12106
 12106 12106 12106 12106 12106 12106 12106 12106] 
Iteration: 14 
Particle positions: [[290 290 290 290 290 290 290 290 290 290 290 290 290 290 290 290 290 290
  290 290]] 
Fitness: [12106 12106 12105 12106 12106 12106 12106 12106 12106 12106 12106 12106
 12106 12106 12106 12107 12106 12106 12106 12106] 
Iteration: 15 
Particle positions: [[290 290 290 290 290 290 290 290 290 290 290 290 290 290 290 290 290 290
  290 290]] 
Fitness: [12107 12106 12106 12105 12106 12106 12106 12106 12106 12106 12106 12107
 12106 12107 12106 12106 12106 12106 12107 12106] 
Iteration: 16 
Particle positions: [[290 290 290 290 290 290 290 290 290 290 290 290 290 290 290 290 290 290
  290 290]] 
Fitness: [12106 12106 12106 12107 12106 12106 12106 12107 12106 12105 12107 12106
 12106 12107 12106 12106 12106 12105 12106 12105] 
Iteration: 17 
Particle positions: [[290 290 290 290 290 290 290 290 290 290 290 290 290 290 290 290 290 290
  290 290]] 
Fitness: [12106 12106 12106 12106 12106 12106 12106 12106 12106 12106 12106 12106
 12106 12105 12106 12107 12106 12106 12107 12107] 
Iteration: 18 
Particle positions: [[290 290 290 290 290 290 290 290 290 290 290 290 290 290 290 290 290 290
  290 290]] 
Fitness: [12106 12106 12107 12106 12106 12106 12106 12106 12106 12106 12106 12106
 12106 12106 12107 12106 12106 12106 12107 12106] 
Iteration: 19 
Particle positions: [[290 290 290 290 290 290 290 290 290 290 290 290 290 290 290 290 290 290
  290 290]] 
Fitness: [12107 12106 12106 12106 12107 12106 12107 12106 12106 12106 12106 12106
 12106 12107 12106 12107 12107 12106 12106 12106] 
