Type: 1 
Bin: 0 
place side object: 0 
Object: 0 
Iteration: 0 
Particle positions: [[ 109 -256 -185  122  114  122  246    5 -225   93 -250 -139  262  -26
  -236   26   32  220   30   31]] 
Fitness: [12158 10406 10865 12194 12173 12194 12273 11837 10609 12108 10444 11151
 12277 11707 10537 11929 11953 12285 11945 11949] 
Iteration: 1 
Particle positions: [[ 141  290  247  123  209  248  223  258 -121  115   66  290  203  284
   290  290  199  220  290  264]] 
Fitness: [12191 12304 12274 12196 12267 12274 12290 12277 11256 12175 12027 12303
 12262 12300 12303 12303 12258 12285 12303 12279] 
Iteration: 2 
Particle positions: [[290 290 290 290 290 290 220 290 290 290 290 290 290 290 290 290 290 275
  290 290]] 
Fitness: [12303 12303 12303 12303 12303 12303 12285 12303 12303 12303 12303 12303
 12304 12303 12303 12303 12302 12293 12303 12303] 
Iteration: 3 
Particle positions: [[290 290 290 290 290 290 290 290 290 290 290 290 290 290 290 290 290 290
  290 290]] 
Fitness: [12303 12303 12304 12303 12303 12303 12303 12303 12304 12304 12303 12303
 12303 12303 12303 12303 12303 12304 12303 12303] 
Iteration: 4 
Particle positions: [[290 290 290 290 290 290 290 290 290 290 290 290 290 290 290 290 290 290
  290 290]] 
Fitness: [12303 12304 12303 12303 12304 12303 12303 12303 12304 12303 12303 12303
 12303 12303 12303 12303 12303 12304 12303 12303] 
Iteration: 5 
Particle positions: [[290 290 290 290 290 290 290 290 290 290 290 290 290 290 290 290 290 290
  290 290]] 
Fitness: [12303 12304 12303 12303 12304 12304 12303 12304 12303 12304 12303 12303
 12303 12303 12303 12303 12303 12303 12303 12303] 
Iteration: 6 
Particle positions: [[290 290 290 290 290 290 290 290 290 290 290 290 290 290 290 290 290 290
  290 290]] 
Fitness: [12303 12304 12304 12303 12303 12303 12302 12303 12303 12304 12304 12303
 12303 12304 12303 12303 12303 12303 12304 12303] 
Iteration: 7 
Particle positions: [[290 290 290 290 290 290 290 290 290 290 290 290 290 290 290 290 290 290
  290 290]] 
Fitness: [12303 12304 12303 12304 12304 12303 12303 12303 12303 12303 12303 12303
 12303 12303 12304 12303 12303 12303 12303 12303] 
Iteration: 8 
Particle positions: [[290 290 290 290 290 290 290 290 290 290 290 290 290 290 290 290 290 290
  290 290]] 
Fitness: [12303 12304 12304 12303 12303 12304 12303 12303 12303 12303 12303 12303
 12303 12303 12303 12303 12303 12303 12304 12304] 
Iteration: 9 
Particle positions: [[290 290 290 290 290 290 290 290 290 290 290 290 290 290 290 290 290 290
  290 290]] 
Fitness: [12303 12303 12303 12304 12303 12303 12303 12303 12303 12303 12304 12303
 12303 12304 12304 12304 12303 12303 12304 12303] 
Iteration: 10 
Particle positions: [[290 290 290 290 290 290 290 290 290 290 290 290 290 290 290 290 290 290
  290 290]] 
Fitness: [12303 12303 12303 12303 12303 12303 12304 12303 12303 12304 12303 12303
 12303 12303 12303 12303 12303 12303 12304 12303] 
Iteration: 11 
Particle positions: [[290 290 290 290 290 290 290 290 290 290 290 290 290 290 290 290 290 290
  290 290]] 
Fitness: [12303 12303 12304 12303 12303 12303 12303 12303 12303 12303 12303 12303
 12303 12303 12303 12304 12304 12303 12303 12303] 
Iteration: 12 
Particle positions: [[290 290 290 290 290 290 290 290 290 290 290 290 290 290 290 290 290 290
  290 290]] 
Fitness: [12303 12303 12303 12303 12303 12303 12303 12303 12303 12304 12303 12304
 12303 12303 12303 12303 12303 12303 12303 12303] 
Iteration: 13 
Particle positions: [[290 290 290 290 290 290 290 290 290 290 290 290 290 290 290 290 290 290
  290 290]] 
Fitness: [12303 12303 12303 12303 12304 12303 12303 12304 12302 12303 12303 12303
 12303 12303 12303 12304 12303 12304 12304 12303] 
Iteration: 14 
Particle positions: [[290 290 290 290 290 290 290 290 290 290 290 290 290 290 290 290 290 290
  290 290]] 
Fitness: [12303 12303 12303 12303 12303 12304 12303 12303 12304 12304 12303 12303
 12303 12303 12302 12303 12304 12304 12303 12303] 
Iteration: 15 
Particle positions: [[290 290 290 290 290 290 290 290 290 290 290 290 290 290 290 290 290 290
  290 290]] 
Fitness: [12303 12303 12304 12303 12303 12302 12303 12303 12303 12303 12303 12303
 12304 12303 12303 12303 12303 12303 12303 12303] 
Iteration: 16 
Particle positions: [[290 290 290 290 290 290 290 290 290 290 290 290 290 290 290 290 290 290
  290 290]] 
Fitness: [12303 12304 12304 12303 12303 12303 12303 12303 12302 12303 12304 12303
 12303 12303 12303 12303 12303 12303 12303 12303] 
Iteration: 17 
Particle positions: [[290 290 290 290 290 290 290 290 290 290 290 290 290 290 290 290 290 290
  290 290]] 
Fitness: [12304 12302 12303 12303 12303 12303 12303 12303 12303 12303 12303 12303
 12303 12303 12303 12303 12303 12303 12303 12303] 
Iteration: 18 
Particle positions: [[290 290 290 290 290 290 290 290 290 290 290 290 290 290 290 290 290 290
  290 290]] 
Fitness: [12303 12303 12304 12303 12303 12303 12302 12303 12303 12303 12303 12303
 12304 12303 12303 12303 12303 12303 12303 12302] 
Iteration: 19 
Particle positions: [[290 290 290 290 290 290 290 290 290 290 290 290 290 290 290 290 290 290
  290 290]] 
Fitness: [12303 12303 12303 12303 12303 12303 12303 12303 12303 12303 12303 12303
 12303 12303 12303 12303 12303 12304 12303 12303] 
Object: 1 
Iteration: 0 
Particle positions: [[ 177 -166   13  -73 -281 -223 -218  -80  -68   -4  -71   64  184  222
   164 -175 -100  -64  238  202]] 
Fitness: [12405 11195 12155 11801 10169 10711 10756 11763 11828 12136 11812 12301
 12362 12344 12401 11124 11647 11849 12336 12354] 
Iteration: 1 
Particle positions: [[ 176  290  231   85  290 -152   58  208  290  146  239  184  178  182
   165  290  109  101  201  174]] 
Fitness: [12406 12218 12341 12353 12216 11300 12284 12349 12218 12385 12334 12363
 12405 12405 12401 12217 12353 12383 12354 12404] 
Iteration: 2 
Particle positions: [[175 290 290 290 290   6 290 290 290 290 290 284 168 141 181 290 290 290
  120 152]] 
Fitness: [12404 12216 12216 12216 12217 12173 12217 12216 12218 12217 12217 12225
 12402 12379 12405 12217 12217 12217 12364 12391] 
Iteration: 3 
Particle positions: [[177 290 159 262 290 290 290 290 278 145 290 228 184 212 192 290  40 226
   54 183]] 
Fitness: [12406 12217 12397 12258 12217 12217 12217 12217 12232 12384 12217 12342
 12363 12346 12360 12217 12240 12343 12274 12406] 
Iteration: 4 
Particle positions: [[ 178  267   84  108  219  290 -115  247   74   71  170   45  191  218
   178  290  -24    0  212  207]] 
Fitness: [12406 12249 12350 12393 12345 12216 11554 12326 12327 12319 12404 12253
 12360 12346 12405 12217 12051 12152 12346 12350] 
Iteration: 5 
Particle positions: [[175 240 195  -8 135 290 121 113 -72 276  76 219 194 161 170 246 217 195
  275 126]] 
Fitness: [12405 12334 12359 12120 12375 12216 12366 12357 11807 12235 12332 12346
 12359 12400 12404 12327 12345 12359 12236 12370] 
Iteration: 6 
Particle positions: [[175 145 201 272 100 109 290 118 290  -2 202 288 157 170 176  93 168 290
  112 187]] 
Fitness: [12405 12383 12354 12238 12382 12352 12216 12363 12217 12144 12354 12220
 12396 12404 12404 12368 12403 12217 12356 12362] 
Iteration: 7 
Particle positions: [[178  80 101 210 184  71 266 233 290  69 228 168 142 188 190  64 145   9
  103 214]] 
Fitness: [12405 12342 12383 12346 12363 12321 12251 12339 12217 12315 12344 12403
 12381 12361 12361 12301 12383 12186 12386 12345] 
Iteration: 8 
Particle positions: [[ 175  192  188   64  113  222 -207  183  284  290   71   86  208  195
   181  173  219   23  164  146]] 
Fitness: [12405 12361 12362 12300 12357 12345 10856 12406 12226 12217 12320 12355
 12349 12358 12406 12404 12346 12188 12401 12385] 
Iteration: 9 
Particle positions: [[174 196 191 100  74 110 290 146  40 290 290 189 183 160 169 250 165  81
  222 197]] 
Fitness: [12404 12358 12360 12381 12327 12354 12217 12385 12239 12217 12217 12361
 12405 12398 12403 12278 12402 12344 12345 12358] 
Iteration: 10 
Particle positions: [[179 152 156 209 136 106 290 207  74 -30 112 216 154 173 191 143 147 290
  157 203]] 
Fitness: [12405 12391 12395 12348 12377 12391 12217 12350 12327 12024 12356 12346
 12393 12404 12360 12381 12385 12216 12395 12353] 
Iteration: 11 
Particle positions: [[ 176  136  145  126  150  203  290  175  283 -130  166   89  165  186
   186  135  183   94  134  131]] 
Fitness: [12406 12376 12384 12370 12389 12353 12216 12405 12228 11455 12401 12361
 12402 12362 12362 12375 12406 12371 12375 12374] 
Iteration: 12 
Particle positions: [[174 143 199  59 189 188 -71 165 -75 290 208 191 201 183 159 268 202 111
  175 133]] 
Fitness: [12405 12381 12357 12287 12361 12361 11812 12401 11791 12217 12349 12361
 12355 12405 12397 12247 12354 12355 12405 12376] 
Iteration: 13 
Particle positions: [[ 177  213  141   73  124   41  234  203 -136  290  118  209  165  181
   176  196  153  178  200  234]] 
Fitness: [12406 12345 12378 12325 12369 12242 12339 12353 11413 12217 12363 12347
 12402 12406 12405 12358 12392 12405 12355 12339] 
Iteration: 14 
Particle positions: [[175 137 169 216 103 225 290 211 290 290 142 146 161 170 191 129 193 213
  172 159]] 
Fitness: [12404 12377 12403 12345 12386 12344 12216 12345 12217 12217 12379 12385
 12399 12403 12360 12373 12359 12346 12403 12398] 
Iteration: 15 
Particle positions: [[177 122 190 184 133 167  23 129 290  84 240 136 194 184 190 213 162 184
  164 158]] 
Fitness: [12406 12368 12361 12362 12375 12403 12189 12373 12217 12351 12333 12376
 12359 12363 12361 12346 12399 12363 12400 12397] 
Iteration: 16 
Particle positions: [[ 177  198  172   88  197  136   71  141 -184  134  155  186  172  179
   158  146  153  160  173  180]] 
Fitness: [12405 12356 12404 12359 12358 12376 12320 12378 11052 12375 12394 12362
 12404 12406 12397 12385 12392 12399 12404 12405] 
Iteration: 17 
Particle positions: [[174 169 167 146 200 196 251 252 290 202 156 190 172 175 214 175 192 182
  180 188]] 
Fitness: [12404 12404 12402 12384 12355 12359 12276 12274 12217 12354 12395 12361
 12404 12405 12346 12405 12360 12405 12406 12362] 
Iteration: 18 
Particle positions: [[176 163 187 144 136 139  39 189 251 137 179 165 174 175 151 190 172 174
  179 176]] 
Fitness: [12406 12400 12361 12383 12377 12378 12237 12361 12277 12377 12406 12402
 12403 12405 12390 12361 12404 12405 12406 12405] 
Iteration: 19 
Particle positions: [[177 190 157 145 186 138  -9 134 -56 184 184 169 184 183 211 168 179 180
  178 174]] 
Fitness: [12405 12361 12396 12383 12362 12377 12116 12375 11893 12362 12362 12404
 12363 12404 12346 12403 12405 12405 12406 12405] 
Object: 2 
Iteration: 0 
Particle positions: [[ 201 -181   76   42   65  -80  186  169 -284 -173  180  -78  -69  105
   115   21 -227 -272 -181  113]] 
Fitness: [12613 10898 12614 12566 12591 11906 12625 12644  9206 11016 12632 11921
 11989 12659 12673 12488 10291  9444 10898 12672] 
Iteration: 1 
Particle positions: [[ 146  -25  119  181  140  188  157  150  -10  188  101  290  197  108
   116   85 -161  290  163  115]] 
Fitness: [12692 12265 12678 12630 12692 12623 12652 12692 12345 12624 12652 12357
 12616 12664 12675 12630 11174 12357 12647 12675] 
Iteration: 2 
Particle positions: [[ 97 290 200 265 211 290 121 125 290 290 116 290 290 149 144 160  44 290
  290 151]] 
Fitness: [12646 12358 12613 12429 12599 12358 12680 12684 12357 12358 12675 12357
 12358 12692 12692 12650 12572 12357 12357 12653] 
Iteration: 3 
Particle positions: [[150 290 155 -18 177 247  98 128 290 232 156 290 204 182 169 217 255 290
  147 111]] 
Fitness: [12692 12358 12651 12301 12635 12479 12648 12686 12357 12520 12652 12357
     0 12629 12644 12590 12455 12357 12692 12668] 
Iteration: 4 
Particle positions: [[180 290  42  41 126 -46 137 205 290  79 147 130  61 173 145  51 290 290
   29 149]] 
Fitness: [12631 12358 12567 12564 12684 12144 12691 12609 12357 12621 12694 12687
 12582 12640 12693 12594 12357 12358 12522 12692] 
Iteration: 5 
Particle positions: [[ 112  290   77  290  112   91  173  188  157  102  140    4  201   85
   130  206 -229  290   73  178]] 
Fitness: [12670 12358 12617 12357 12670 12639 12639 12623 12652 12654 12692 12414
 12572 12630 12688 12601 10252 12357 12609 12633] 
Iteration: 6 
Particle positions: [[110 227 228 290 189 215 154  55  50 177 154  44 275 213 158 172 290 290
  290 109]] 
Fitness: [12667 12572 12570 12358 12623 12594 12652 12566 12591 12636 12652 12573
 12403 12596 12650 12641 12358 12358 12357 12665] 
Iteration: 7 
Particle positions: [[192  35  97 128 199 146 109 237 251 125 151 251 127 109 167 123  77 259
   75 187]] 
Fitness: [12621 12543 12647 12686 12615 12694 12666 12507 12468 12683 12653 12467
 12686 12665 12646 12683 12618 12443 12612 12624] 
Iteration: 8 
Particle positions: [[140 244  81  31  77  97 107 124 151 104 139 168  49  56  98 122 -25 160
   72 175]] 
Fitness: [12692 12489 12623 12528 12617 12647 12662 12683 12653 12657 12692 12645
 12587 12568 12647 12682 12265 12651 12606 12637] 
Iteration: 9 
Particle positions: [[119 242 190 267 119 212 192 102  77 130 141  58  92  39 193 146 290  86
  276 134]] 
Fitness: [12678 12494 12622 12425 12679 12598 12621 12654 12617 12687 12692 12573
 12641 12556 12620 12693 12357 12633 12401 12691] 
Iteration: 10 
Particle positions: [[145 122 132 155 219 255 112 255 199 174 156 143 200 203 178 163 169 183
  290 146]] 
Fitness: [12692 12681 12689 12652 12587 12454 12670 12455     0 12638 12651 12693
     0     0 12634 12648 12644 12627 12356 12693] 
Iteration: 11 
Particle positions: [[163  85 115  52 132  11  66 290 160 178 139 200  39 191  72 129  80 145
   45 156]] 
Fitness: [12648 12630 12674 12598 12688 12446 12594 12358 12650 12634 12692 12613
 12555 12621 12607 12686 12623 12691 12577 12652] 
Iteration: 12 
Particle positions: [[ 156  158  196  190   87   20   67 -139  127  125  134  131   77   69
    66  172  209  122  128  154]] 
Fitness: [12653 12651 12617 12622 12633 12485 12595 11418 12686 12685 12691 12688
 12617 12601 12595 12641 12602 12681 12686 12652] 
Iteration: 13 
Particle positions: [[131 163  68 119 175  86 204 -52 124 137 148 121 160 109 226 147 187 138
  222 134]] 
Fitness: [12688 12648 12599 12678 12638 12632     0 12106 12683 12691 12692 12681
 12650 12666 12573 12693 12624 12691 12581 12690] 
Iteration: 14 
Particle positions: [[146 144 141 129 177 237 143 290 166 161 153 140 192 178 128 131 135 152
   58 134]] 
Fitness: [12693 12693 12692 12687 12635 12507 12693 12357 12646 12649 12652 12692
 12621 12634 12687 12688 12690 12653 12573 12690] 
Iteration: 15 
Particle positions: [[155 134 187 164  92 192 117 268 127 111 149 168   8 113 113 149 116 149
  161 162]] 
Fitness: [12652 12690 12623 12648 12641 12621 12676 12422 12685 12669 12693 12644
 12434 12671 12672 12693 12675 12693 12650 12649] 
Iteration: 16 
Particle positions: [[139 142 146  96 135  17 167  34 119 146 143 132  -1 188 190 154 198 145
  178 131]] 
Fitness: [12692 12692 12693 12645 12691 12472 12645 12539 12678 12693 12694 12689
 12391 12623 12622 12651 12615 12693 12634 12687] 
Iteration: 17 
Particle positions: [[147 151 126 177 180 114 157  66 153 164 145 128 162  84 171 135 141 146
  158 139]] 
Fitness: [12693 12653 12684 12635 12632 12672 12651 12593 12653 12647 12693 12686
 12648 12629 12642 12691 12692 12693 12651 12691] 
Iteration: 18 
Particle positions: [[150 147 182 147 116 225 122 290 149 153 150 162 172 217 121 154 124 151
  143 153]] 
Fitness: [12693 12693 12629 12693 12675 12576 12681 12358 12693 12653 12693 12649
 12641 12589 12680 12652 12683 12653 12693 12653] 
Iteration: 19 
Particle positions: [[147 145 126 133 133  59 118  50 145 128 144 142 128 187 159 142 157 142
  143 144]] 
Fitness: [12693 12693 12685 12689 12689 12576 12678 12591 12693 12687 12692 12693
 12687 12623 12651 12692 12651 12692 12692 12693] 
place side object: 1 
Object: 0 
Iteration: 0 
Particle positions: [[ 108 -263  130  -30 -127 -114 -236 -119 -266   87  -56  193 -144  274
   265 -191    3   67   75 -196]] 
Fitness: [11661  9550 11766 10926 10333 10412  9691 10382  9525 11600 10824 12019
 10233 12305 12268  9951 11123 11489 11536  9921] 
Iteration: 1 
Particle positions: [[200 290 290 255 169 290 290 -77 290 290 290 223  68 274 276  36 290 290
  290 290]] 
Fitness: [12046 12318 12318 12226 11963 12318 12318 10697 12318 12317 12318 12152
 11496 12305 12313 11309 12317 12318 12318 12318] 
Iteration: 2 
Particle positions: [[290 290 290 290 290 290 290 -39 290 290 290 281 290 290 290 290 290 290
  290 290]] 
Fitness: [12318 12317 12317 12318 12317 12318 12317 10870 12318 12317 12318 12331
 12317 12317 12317 12317 12318 12317 12317 12317] 
Iteration: 3 
Particle positions: [[290 290 290 290 290 290 290 290 290 290 290 290 290 290 290 290 290 290
  290 290]] 
Fitness: [12317 12317 12318 12318 12318 12318 12317 12317 12318 12317 12318 12317
 12317 12318 12317 12318 12317 12318 12318 12318] 
Iteration: 4 
Particle positions: [[290 290 290 290 290 290 290 290 290 290 290 290 290 290 278 290 290 290
  290 290]] 
Fitness: [12318 12317 12318 12317 12318 12317 12318 12318 12317 12318 12318 12318
 12317 12318 12321 12317 12317 12318 12318 12318] 
Iteration: 5 
Particle positions: [[290 290 290 290 290 290 290 290 290 290 290 273 290 290 268 290 290 290
  290 290]] 
Fitness: [12317 12317 12318 12318 12317 12318 12317 12318 12318 12317 12317 12302
 12318 12317 12281 12318 12318 12317 12317 12317] 
Iteration: 6 
Particle positions: [[290 290 290 290 290 290 290 290 290 290 290 274 290 286 272 290 290 290
  290 290]] 
Fitness: [12318 12318 12318 12317 12318 12317 12317 12317 12318 12318 12318 12305
 12318 12348 12297 12318 12317 12318 12318 12318] 
Iteration: 7 
Particle positions: [[290 290 290 290 290 290 290 290 290 290 290 290 290 283 277 290 290 290
  290 290]] 
Fitness: [12318 12317 12319 12318 12318 12318 12318 12317 12318 12317 12317 12318
 12317 12338 12316 12318 12318 12318 12317 12317] 
Iteration: 8 
Particle positions: [[290 290 290 290 290 290 290 290 290 290 290 290 290 286 285 290 290 290
  290 290]] 
Fitness: [12319 12318 12318 12317 12317 12317 12318 12318 12317 12317 12318 12318
 12317 12349 12346 12318 12318 12318 12317 12318] 
Iteration: 9 
Particle positions: [[289 290 290 290 290 290 290 290 290 290 290 280 290 288 290 290 290 290
  290 290]] 
Fitness: [12315 12317 12318 12318 12318 12318 12317 12317 12317 12318 12318 12328
 12317 12311 12317 12318 12317 12318 12318 12318] 
Iteration: 10 
Particle positions: [[289 290 290 290 290 290 290 290 290 290 290 280 290 284 287 290 290 290
  290 290]] 
Fitness: [12315 12317 12317 12317 12317 12318 12317 12317 12318 12318 12317 12328
 12318 12341 12308 12317 12318 12318 12318 12318] 
Iteration: 11 
Particle positions: [[288 290 288 290 290 290 290 290 290 290 290 282 290 285 281 290 290 290
  290 290]] 
Fitness: [12311 12318 12311 12318 12317 12318 12317 12318 12318 12318 12317 12335
 12318 12346 12331 12318 12317 12318 12318 12317] 
Iteration: 12 
Particle positions: [[285 290 287 285 290 290 290 290 290 283 290 285 290 289 284 290 289 290
  282 290]] 
Fitness: [12346 12318 12308 12345 12317 12318 12318 12318 12318 12339 12318 12345
 12318 12314 12342 12318 12315 12318 12335 12317] 
Iteration: 13 
Particle positions: [[284 290 286 283 285 290 290 289 290 284 290 287 290 289 287 290 289 288
  279 289]] 
Fitness: [12341 12318 12349 12338 12346 12317 12318 12314 12318 12343 12317 12307
 12318 12315 12308 12318 12314 12311 12324 12314] 
Iteration: 14 
Particle positions: [[287 289 285 289 282 285 288 286 290 288 290 286 285 283 286 289 288 287
  290 289]] 
Fitness: [12307 12315 12346 12315 12335 12346 12311 12349 12317 12311 12317 12348
 12345 12338 12349 12314 12311 12308 12317 12314] 
Iteration: 15 
Particle positions: [[285 289 287 283 283 283 290 284 286 285 285 285 283 282 285 290 287 288
  283 286]] 
Fitness: [12345 12314 12308 12338 12338 12338 12317 12342 12348 12345 12345 12345
 12339 12335 12345 12318 12307 12312 12338 12348] 
Iteration: 16 
Particle positions: [[284 288 286 288 290 287 285 287 283 284 284 288 290 290 286 282 290 287
  280 284]] 
Fitness: [12342 12311 12349 12311 12318 12308 12345 12308 12338 12342 12342 12310
 12318 12317 12348 12334 12317 12308 12329 12342] 
Iteration: 17 
Particle positions: [[285 288 285 286 282 285 282 287 290 284 284 285 284 287 286 285 285 290
  287 285]] 
Fitness: [12346 12311 12345 12349 12335 12345 12335 12308 12317 12342 12342 12346
 12342 12308 12349 12346 12345 12318 12308 12345] 
Iteration: 18 
Particle positions: [[287 287 286 285 287 286 289 284 282 289 285 286 285 283 286 288 283 290
  285 287]] 
Fitness: [12308 12308 12349 12345 12308 12349 12315 12341 12335 12314 12345 12348
 12346 12338 12349 12311 12339 12317 12345 12308] 
Iteration: 19 
Particle positions: [[284 289 286 287 288 286 284 286 285 284 287 286 287 288 286 279 289 285
  286 286]] 
Fitness: [12342 12314 12349 12308 12311 12349 12342 12349 12345 12342 12308 12349
 12308 12312 12349 12324 12315 12345 12349 12349] 
Object: 1 
Iteration: 0 
Particle positions: [[ 244   28 -243 -114  -64  174  223  121  112  -73  -92   34  -16  163
  -293   48   75  252 -136   27]] 
Fitness: [12216 11588  9697 10720 11047 12091 12217 11952 11915 10990 10867 11619
 11342 12104  9271 11689 11768 12228 10571 11583] 
Iteration: 1 
Particle positions: [[ 249  290   76  290  -24  209  240  128  157  179  290  138  290  250
  -274  138  188  252  290  290]] 
Fitness: [12224 12288 11772 12288 11294 12181 12253 11980 12085 12105 12288 12018
 12287 12225  9421 12019 12126 12228 12288 12287] 
Iteration: 2 
Particle positions: [[283 290 290 290 274 290 257 290 280 290 290 290 290 290 290 290 290 282
  290 290]] 
Fitness: [12278 12287 12288 12288 12261 12287 12243 12287 12272 12288 12287 12287
 12288 12288 12288 12288 12288 12275 12288 12289] 
Iteration: 3 
Particle positions: [[290 290 290 290 290 290 290 290 290 290 290 290 290 290 290 290 290 290
  290 290]] 
Fitness: [12288 12288 12288 12287 12287 12288 12287 12288 12287 12288 12289 12287
 12288 12288 12287 12288 12288 12287 12287 12287] 
Iteration: 4 
Particle positions: [[290 290 290 290 290 290 290 290 290 290 290 290 290 290 290 290 290 290
  290 290]] 
Fitness: [12288 12288 12288 12288 12288 12288 12288 12288 12287 12288 12287 12287
 12288 12288 12288 12288 12287 12288 12288 12288] 
Iteration: 5 
Particle positions: [[290 290 290 290 290 290 290 290 290 290 290 290 290 290 290 290 290 290
  290 290]] 
Fitness: [12288 12287 12287 12288 12288 12288 12287 12287 12288 12287 12287 12288
 12288 12288 12288 12287 12287 12288 12287 12288] 
Iteration: 6 
Particle positions: [[290 290 290 290 290 290 290 290 290 290 290 290 290 290 290 290 290 290
  290 290]] 
Fitness: [12288 12287 12288 12288 12288 12287 12287 12288 12288 12288 12288 12288
 12288 12288 12287 12287 12288 12287 12287 12288] 
Iteration: 7 
Particle positions: [[290 290 290 290 290 290 290 290 290 290 290 290 290 290 290 290 290 290
  290 290]] 
Fitness: [12287 12288 12287 12287 12288 12287 12287 12287 12287 12288 12287 12287
 12288 12288 12288 12287 12288 12287 12287 12288] 
Iteration: 8 
Particle positions: [[290 290 290 290 290 290 290 290 290 290 290 290 290 290 290 290 290 290
  290 290]] 
Fitness: [12288 12288 12287 12287 12287 12287 12288 12288 12288 12288 12288 12288
 12288 12288 12288 12288 12288 12288 12288 12287] 
Iteration: 9 
Particle positions: [[290 290 290 290 290 290 290 290 290 290 290 290 290 290 290 290 290 290
  290 290]] 
Fitness: [12288 12288 12287 12288 12287 12287 12288 12288 12287 12288 12287 12288
 12288 12287 12287 12288 12288 12287 12288 12288] 
Iteration: 10 
Particle positions: [[290 290 290 290 290 290 290 290 290 290 290 290 290 290 290 290 290 290
  290 290]] 
Fitness: [12287 12287 12288 12287 12288 12288 12288 12288 12287 12287 12288 12287
 12287 12287 12288 12287 12287 12287 12288 12287] 
Iteration: 11 
Particle positions: [[290 290 290 290 290 290 290 290 290 290 290 290 290 290 290 290 290 290
  290 290]] 
Fitness: [12288 12288 12288 12287 12288 12287 12288 12288 12287 12288 12287 12287
 12288 12287 12288 12288 12288 12288 12289 12287] 
Iteration: 12 
Particle positions: [[290 290 290 290 290 290 290 290 290 290 290 290 290 290 290 290 290 290
  290 290]] 
Fitness: [12288 12288 12288 12288 12287 12287 12288 12288 12287 12288 12288 12288
 12287 12287 12288 12287 12288 12287 12288 12288] 
Iteration: 13 
Particle positions: [[290 290 290 290 290 290 290 290 290 290 290 290 290 290 290 290 290 290
  290 290]] 
Fitness: [12288 12287 12287 12287 12288 12287 12287 12288 12288 12289 12287 12287
 12288 12287 12288 12288 12288 12288 12288 12288] 
Iteration: 14 
Particle positions: [[290 290 290 290 290 290 290 290 290 290 290 290 290 290 290 290 290 290
  290 290]] 
Fitness: [12288 12288 12288 12288 12288 12288 12287 12287 12287 12288 12287 12288
 12287 12288 12287 12287 12287 12288 12288 12287] 
Iteration: 15 
Particle positions: [[290 290 290 290 290 290 290 290 290 290 290 290 290 290 290 290 290 290
  290 290]] 
Fitness: [12287 12288 12288 12288 12287 12288 12288 12288 12288 12289 12288 12288
 12288 12288 12288 12288 12288 12288 12287 12287] 
Iteration: 16 
Particle positions: [[290 290 290 290 290 290 290 290 290 290 290 290 290 290 290 290 290 290
  290 290]] 
Fitness: [12287 12288 12288 12288 12287 12288 12287 12288 12288 12288 12288 12287
 12287 12288 12288 12288 12287 12288 12288 12287] 
Iteration: 17 
Particle positions: [[290 290 290 290 290 290 290 290 290 290 290 290 290 290 290 290 290 290
  290 290]] 
Fitness: [12288 12287 12288 12288 12288 12287 12288 12287 12288 12287 12287 12288
 12287 12288 12288 12287 12287 12288 12287 12288] 
Iteration: 18 
Particle positions: [[290 290 290 290 290 290 290 290 290 290 290 290 290 290 290 290 290 290
  290 290]] 
Fitness: [12288 12287 12288 12287 12288 12288 12287 12288 12287 12287 12288 12288
 12288 12288 12288 12287 12287 12287 12288 12287] 
Iteration: 19 
Particle positions: [[290 290 290 290 290 290 290 290 290 290 290 290 290 290 290 290 290 290
  290 290]] 
Fitness: [12288 12288 12288 12288 12288 12288 12288 12287 12288 12288 12287 12287
 12287 12287 12288 12287 12287 12287 12288 12288] 
place side object: 2 
Object: 1 
Iteration: 0 
Particle positions: [[ -19  -17 -139  176   16   56  271 -110 -250  236   52   -1  -32  271
  -190 -194 -120   -7  130  120]] 
Fitness: [10499 10512  9682 11573 10711 10952 11976  9886  8951 11817 10928 10607
 10421 11976  9390  9353  9822 10571 11326 11270] 
Iteration: 1 
Particle positions: [[ 106   44  290  231  251  150  271   87 -162  289  290  274  290  270
   -16  -67  290  290  290  290]] 
Fitness: [11192 10880 12009 11797 11882 11432 11976 11136  9553 12005 12010 11990
 12010 11972 10518 10147 12009 12009 12009 12010] 
Iteration: 2 
Particle positions: [[278 290 290 290 290 269 290 290 290 290 290 290 290 279 290 290 290 290
  290 290]] 
Fitness: [12006 12009 12009 12009 12009 11967 12009 12009 12009 12009 12009 12009
 12009 12011 12009 12010 12010 12009 12009 12009] 
Iteration: 3 
Particle positions: [[290 290 290 290 290 290 290 290 290 290 290 290 290 286 290 290 290 290
  290 290]] 
Fitness: [12009 12010 12010 12008 12009 12009 12009 12009 12009 12009 12009 12008
 12009 12040 12009 12009 12009 12009 12009 12010] 
Iteration: 4 
Particle positions: [[290 290 290 290 290 290 290 290 290 290 290 290 290 290 290 290 290 290
  290 290]] 
Fitness: [12009 12009 12009 12009 12009 12009 12010 12009 12008 12009 12009 12009
 12009 12009 12009 12009 12010 12009 12009 12009] 
Iteration: 5 
Particle positions: [[290 290 290 290 290 290 290 290 290 290 290 290 290 290 290 290 290 290
  290 290]] 
Fitness: [12009 12009 12010 12009 12009 12009 12009 12010 12010 12009 12009 12009
 12009 12009 12010 12009 12009 12008 12009 12009] 
Iteration: 6 
Particle positions: [[290 290 290 290 290 290 288 290 290 290 290 290 290 283 290 290 290 290
  290 290]] 
Fitness: [12010 12009 12009 12010 12009 12009 12048 12009 12009 12009 12009 12009
 12009 12027 12010 12009 12010 12009 12009 12009] 
Iteration: 7 
Particle positions: [[290 290 290 290 290 290 286 290 290 290 290 290 290 280 290 290 290 290
  290 290]] 
Fitness: [12009 12009 12009 12009 12009 12010 12039 12009 12009 12009 12009 12009
 12009 12015 12009 12009 12009 12009 12009 12009] 
Iteration: 8 
Particle positions: [[290 290 290 290 290 290 290 290 290 290 290 290 290 286 290 290 290 290
  290 290]] 
Fitness: [12009 12009 12010 12010 12009 12009 12008 12009 12009 12010 12009 12009
 12009 12040 12010 12009 12010 12009 12008 12009] 
Iteration: 9 
Particle positions: [[290 290 290 290 290 290 290 290 290 287 290 290 290 290 290 290 290 290
  290 290]] 
Fitness: [12010 12009 12009 12009 12009 12009 12009 12009 12009 12043 12009 12009
 12010 12009 12009 12008 12010 12009 12009 12009] 
Iteration: 10 
Particle positions: [[290 290 290 290 290 290 289 290 290 285 290 290 290 290 290 290 290 290
  290 290]] 
Fitness: [12009 12009 12009 12009 12010 12009 12005 12009 12009 12036 12009 12010
 12010 12009 12009 12009 12010 12009 12009 12009] 
Iteration: 11 
Particle positions: [[290 290 290 290 290 290 285 290 290 289 290 290 290 287 290 290 290 290
  290 290]] 
Fitness: [12010 12009 12009 12009 12010 12009 12035 12009 12010 12005 12009 12009
 12009 12043 12009 12009 12009 12009 12009 12009] 
Iteration: 12 
Particle positions: [[290 290 290 288 290 289 284 290 290 290 290 290 290 285 290 290 290 290
  289 290]] 
Fitness: [12010 12009 12009 12048 12009 12005 12032 12009 12010 12010 12009 12009
 12009 12035 12010 12009 12009 12009 12006 12009] 
Iteration: 13 
Particle positions: [[290 290 290 287 288 289 290 290 290 285 290 290 290 290 290 290 290 290
  288 290]] 
Fitness: [12009 12009 12009 12043 12048 12006 12009 12009 12009 12036 12010 12009
 12010 12010 12009 12009 12010 12010 12047 12009] 
Iteration: 14 
Particle positions: [[288 290 290 288 287 288 286 290 290 284 289 288 289 290 290 290 290 290
  287 290]] 
Fitness: [12048 12009 12009 12048 12043 12047 12039 12009 12009 12032 12005 12048
 12005 12009 12010 12010 12009 12009 12044 12010] 
Iteration: 15 
Particle positions: [[287 290 290 288 289 287 289 289 290 289 290 286 288 283 290 288 290 290
  288 290]] 
Fitness: [12043 12009 12009 12048 12005 12043 12005 12005 12009 12005 12009 12039
 12047 12028 12009 12048 12009 12010 12048 12009] 
Iteration: 16 
Particle positions: [[287 290 289 288 288 287 288 287 286 288 286 290 287 290 290 287 290 289
  288 289]] 
Fitness: [12044 12009 12005 12047 12047 12043 12048 12044 12040 12047 12039 12010
 12044 12009 12009 12044 12009 12005 12048 12005] 
Iteration: 17 
Particle positions: [[289 289 287 288 287 290 287 287 287 287 285 290 288 290 289 288 288 288
  288 288]] 
Fitness: [12005 12005 12043 12048 12044 12010 12044 12043 12044 12044 12035 12010
 12047 12009 12005 12048 12048 12048 12047 12048] 
Iteration: 18 
Particle positions: [[289 288 286 288 287 283 288 287 289 289 290 285 288 283 287 288 287 287
  288 287]] 
Fitness: [12006 12048 12040 12048 12044 12028 12047 12044 12006 12005 12008 12036
 12048 12028 12044 12047 12043 12043 12048 12043] 
Iteration: 19 
Particle positions: [[287 287 286 288 289 290 288 289 286 288 287 288 288 286 287 288 288 287
  288 290]] 
Fitness: [12044 12044 12040 12048 12005 12009 12048 12005 12039 12048 12044 12048
 12048 12040 12043 12048 12048 12044 12047 12010] 
