Type: 1 
Bin: 0 
place side object: 0 
Object: 0 
Iteration: 0 
Particle positions: [[ 130 -140 -119  227  217 -157  141   68 -145 -190 -220 -191 -133  231
   140]] 
Fitness: [12168 11144 11268 12297 12279 11041 12192 12034 11113 10835 10641 10827
 11186 12302 12190] 
Iteration: 1 
Particle positions: [[171 290 -40 229 242 290 247 129 290 290 290 114 -18 232 290]] 
Fitness: [12255 12304 11642 12300 12314 12303 12273 12165 12303 12303 12303 12173
 11741 12303 12303] 
Iteration: 2 
Particle positions: [[270 290 170 239 263 290 290 290 290 290 290 290 150 239 290]] 
Fitness: [12287 12303 12253 12313 12277 12304 12303 12304 12303 12303 12303 12303
 12208 12313 12303] 
Iteration: 3 
Particle positions: [[290 290 290 252 216 290 290 290 290 290 290 290 290 248 290]] 
Fitness: [12303 12304 12303 12276 12277 12304 12303 12303 12303 12303 12303 12303
 12303 12274 12303] 
Iteration: 4 
Particle positions: [[257 290 290 257 248 290 253 290 290 290 290 290 290 247 290]] 
Fitness: [12277 12303 12304 12277 12274 12303 12277 12304 12303 12303 12303 12303
 12303 12274 12303] 
Iteration: 5 
Particle positions: [[227 290 290 230 258 271 254 290 290 290 290 290 290 231 204]] 
Fitness: [12296 12304 12304 12301 12277 12288 12277 12303 12303 12303 12303 12303
 12303 12302 12262] 
Iteration: 6 
Particle positions: [[254 290 290 225 249 237 278 222 290 266 290 263 290 241 290]] 
Fitness: [12277 12303 12303 12294 12275 12309 12296 12288 12303 12282 12302 12277
 12303 12314 12304] 
Iteration: 7 
Particle positions: [[290 248 268 258 220 221 241 290 290 245 290 254 249 248 290]] 
Fitness: [12304 12274 12284 12277 12284     0 12313 12303 12303 12271 12303 12276
 12274 12274 12304] 
Iteration: 8 
Particle positions: [[290 264 252 249 274 269 222 290 253 233 250 290 271 236 284]] 
Fitness: [12303 12279 12276 12275 12292 12286 12289 12303 12277 12305 12275 12303
 12289 12308 12300] 
Iteration: 9 
Particle positions: [[279 266 271 212 226 193 246 274 269 227 227 290 290 244 238]] 
Fitness: [12297 12282 12289 12268 12295 12250 12273 12292 12287 12297 12296 12303
 12303 12271 12311] 
Object: 1 
Iteration: 0 
Particle positions: [[ 273  288  195  -84  133   -8  -66  178 -250  112  181    4   51  111
   205]] 
Fitness: [12237 12220 12358 11741 12375 12120 11839 12405 10477 12356 12405 12168
 12267 12355 12351] 
Iteration: 1 
Particle positions: [[236 276 181 290 190  79  22 178 172 150 177 290 242 236 188]] 
Fitness: [12337 12235 12406 12217 12361 12340 12186 12405 12404 12390 12406 12217
 12332 12337 12361] 
Iteration: 2 
Particle positions: [[ 96  94 168 290 199 206 284 179 290 192 179 290 290  57 163]] 
Fitness: [12374 12371 12403 12217 12357 12351 12226 12406 12217 12360 12406 12217
 12217 12280 12400] 
Iteration: 3 
Particle positions: [[ 78 -32 193 253 146 265 290 181 290 182 181 198 195 157 147]] 
Fitness: [12337 12014 12360 12274 12385 12253 12217 12405 12217 12405 12405 12356
 12359 12397 12385] 
Iteration: 4 
Particle positions: [[228 290 183 215 149 152 228 179 254 174 179 107 120 273 148]] 
Fitness: [12342 12217 12405 12346 12388 12391 12342 12405 12272 12405 12406 12392
 12365 12238 12387] 
Iteration: 5 
Particle positions: [[104 129 174 141 208 109 154 177 -55 181 177 151 130 139 224]] 
Fitness: [12388 12373 12404 12378 12348 12352 12393 12405 11898 12405 12405 12390
 12373 12378 12344] 
Iteration: 6 
Particle positions: [[126 113 178  94 183 151 154 181 196 187 176 189 235  86 153]] 
Fitness: [12371 12357 12405 12371 12405 12390 12394 12406 12358 12362 12405 12361
 12339 12356 12393] 
Iteration: 7 
Particle positions: [[216 136 185 272 168 178 197 183 290 181 178  59 183 290 163]] 
Fitness: [12346 12377 12363 12239 12402 12406 12358 12405 12217 12405 12405 12287
 12406 12217 12400] 
Iteration: 8 
Particle positions: [[198 164 177  75 188 195 220 179 123 179 179 184 151  21 204]] 
Fitness: [12357 12401 12405 12330 12362 12359 12345 12406 12368 12406 12406 12362
 12391 12183 12352] 
Iteration: 9 
Particle positions: [[ 60 196 182  67 182 175 143 179 193 180 181 194 234 290 143]] 
Fitness: [12290 12358 12405 12309 12405 12405 12381 12406 12359 12405 12406 12359
 12339 12217 12381] 
Object: 2 
Iteration: 0 
Particle positions: [[  69   62 -151  206 -108 -134    8 -292 -152  119 -230 -121 -101   65
  -260]] 
Fitness: [12600 12583 11288 12608 11671 11471 12433  8990 11278 12679 10233 11599
 11733 12592  9707] 
Iteration: 1 
Particle positions: [[  74  161 -114  137  -18  208   33  272  290  120   -6  201  132  153
   290]] 
Fitness: [12611 12649 11616 12691 12303     0 12535 12412 12358 12680 12365 12577
 12689 12653 12358] 
Iteration: 2 
Particle positions: [[188 212  64  78 214 290 164 290 290 137 254 290 290 219 290]] 
Fitness: [12623 12598 12589 12619 12595 12358 12647 12358 12358 12692 12458 12358
 12357 12586 12358] 
Iteration: 3 
Particle positions: [[277  28 232 124 246 290 217 290 290 151 261 202 180 197 290]] 
Fitness: [12399 12517 12519 12683 12482 12358 12590 12358 12358 12653 12439 12611
 12631 12617 12358] 
Iteration: 4 
Particle positions: [[105 233 120 171 134 290 174  67 238 119  21  23  26  96 290]] 
Fitness: [12660 12517 12679 12642 12690 12358 12638 12595 12505 12679 12490 12497
 12508 12645 12358] 
Iteration: 5 
Particle positions: [[-12 206  66 151  56 290  83 -46  35 142 -71 232  26 120 240]] 
Fitness: [12334 12608 12593 12654 12568 12358 12627 12145 12543 12692 11974 12519
 12509 12679 12499] 
Iteration: 6 
Particle positions: [[149 -10 188 114 172 201  66 135  59 144 159 156 290 154 122]] 
Fitness: [12692 12344 12623 12672 12640 12580 12593 12690 12577 12693 12650 12652
 12357 12653 12682] 
Iteration: 7 
Particle positions: [[241 171 181 163 192  46 290 244 184 145 289  99 120 164  65]] 
Fitness: [12496 12642 12629 12648 12620 12579 12358 12488 12626 12692 12361 12650
 12679 12648 12590] 
Iteration: 8 
Particle positions: [[ 65 215  46 145 161 125 160  82 175 143 -80 206  43  61 172]] 
Fitness: [12592 12594 12579 12693 12650 12684 12649 12627 12639 12692 11907 12607
 12569 12581 12641] 
Iteration: 9 
Particle positions: [[ 98 159 131 134 107 191  85  83 113 142 220 158 146 165 141]] 
Fitness: [12647 12651 12688 12690 12663 12621 12631 12628 12671 12693 12585 12651
 12693 12647 12692] 
place side object: 1 
Object: 0 
Iteration: 0 
Particle positions: [[ 141 -187  230 -256 -143 -172 -182  158 -191  253   -3   66  -64  104
   -69]] 
Fitness: [11822  9975 12182  9535 10237 10065 10006 11910  9950 12219 11086 11484
 10776 11640 10746] 
Iteration: 1 
Particle positions: [[290 290 273 -79 121 290 247 186  11 253 290 290 290 239 250]] 
Fitness: [12318 12318 12301 10685 11725 12317 12200 11991 11169 12221 12318 12318
 12318 12174 12210] 
Iteration: 2 
Particle positions: [[290 290 290 290 290 290 290 290 290 290 290 290 290 290 290]] 
Fitness: [12317 12317 12318 12318 12318 12318 12318 12318 12317 12318 12318 12318
 12317 12318 12317] 
Iteration: 3 
Particle positions: [[290 290 290 290 290 290 290 290 290 290 290 290 290 290 290]] 
Fitness: [12317 12318 12317 12317 12318 12317 12318 12318 12318 12318 12318 12319
 12318 12319 12317] 
Iteration: 4 
Particle positions: [[290 290 290 290 290 290 290 290 290 290 290 290 290 290 290]] 
Fitness: [12318 12318 12317 12317 12318 12318 12318 12318 12318 12317 12317 12318
 12318 12318 12318] 
Iteration: 5 
Particle positions: [[290 290 290 290 290 290 290 290 290 290 290 290 290 290 290]] 
Fitness: [12318 12318 12318 12318 12318 12318 12317 12318 12318 12318 12318 12317
 12318 12318 12317] 
Iteration: 6 
Particle positions: [[290 290 290 290 290 290 290 290 290 290 290 290 290 290 290]] 
Fitness: [12317 12317 12318 12318 12317 12318 12318 12318 12317 12317 12318 12318
 12317 12317 12318] 
Iteration: 7 
Particle positions: [[290 290 290 290 290 290 290 290 290 290 290 290 290 290 290]] 
Fitness: [12317 12318 12318 12317 12318 12317 12318 12317 12318 12317 12317 12318
 12317 12318 12318] 
Iteration: 8 
Particle positions: [[290 290 290 290 290 290 290 290 290 290 290 290 290 290 290]] 
Fitness: [12318 12318 12318 12317 12318 12318 12318 12318 12318 12317 12318 12318
 12318 12317 12317] 
Iteration: 9 
Particle positions: [[290 290 290 290 290 290 290 290 290 290 290 290 290 290 290]] 
Fitness: [12317 12317 12317 12317 12318 12317 12318 12317 12317 12318 12318 12318
 12318 12318 12317] 
Object: 1 
Iteration: 0 
Particle positions: [[ 244  -46 -193  -60 -232 -238  237  -37 -201 -106   72 -191  234   65
  -135]] 
Fitness: [12215 11160 10116 11072  9807  9745 12247 11215 10045 10773 11754 10133
 12240 11723 10578] 
Iteration: 1 
Particle positions: [[ 232  290  290  290  290  207  237  242  290   13  290 -159  233  146
   128]] 
Fitness: [12236 12288 12288 12287 12288 12175 12247 12212 12288 11507 12288 10411
 12239 12047 11980] 
Iteration: 2 
Particle positions: [[233 290 290 290 290 290 290 290 290 290 290  31 290 290 290]] 
Fitness: [12238 12288 12288 12287 12288 12288 12288 12287 12288 12287 12288 11603
 12287 12287 12288] 
Iteration: 3 
Particle positions: [[240 290 290 290 290 290 290 290 290 290 290 290 290 290 290]] 
Fitness: [12253 12288 12287 12288 12288 12288 12288 12288 12288 12289 12287 12288
 12287 12287 12289] 
Iteration: 4 
Particle positions: [[290 290 290 290 290 290 290 290 290 290 290 290 290 290 290]] 
Fitness: [12287 12288 12287 12287 12288 12287 12287 12288 12288 12288 12288 12288
 12288 12288 12288] 
Iteration: 5 
Particle positions: [[290 290 290 290 290 290 290 290 290 290 290 290 290 290 290]] 
Fitness: [12287 12287 12287 12288 12288 12287 12288 12288 12288 12288 12288 12288
 12287 12288 12288] 
Iteration: 6 
Particle positions: [[290 290 290 290 290 290 290 290 290 290 290 290 290 290 290]] 
Fitness: [12287 12288 12288 12288 12288 12288 12287 12288 12287 12288 12288 12288
 12288 12287 12287] 
Iteration: 7 
Particle positions: [[290 290 290 290 290 290 290 290 290 290 290 290 290 290 290]] 
Fitness: [12288 12287 12288 12287 12287 12288 12288 12288 12288 12287 12288 12288
 12288 12288 12288] 
Iteration: 8 
Particle positions: [[290 290 290 290 290 290 290 290 290 290 290 290 290 290 290]] 
Fitness: [12287 12288 12288 12288 12287 12287 12288 12287 12288 12287 12286 12288
 12287 12289 12288] 
Iteration: 9 
Particle positions: [[290 290 290 290 290 290 290 290 290 290 290 290 290 290 290]] 
Fitness: [12288 12287 12288 12287 12288 12287 12287 12288 12287 12288 12288 12288
 12288 12288 12288] 
place side object: 2 
Object: 1 
Iteration: 0 
Particle positions: [[ 126  226 -294   22  145 -233 -232    9 -245  260  116  240 -108   46
   -84]] 
Fitness: [11303 11774  8634 10747 11406  9092  9102 10669  8993 11926 11248 11835
  9897 10892 10042] 
Iteration: 1 
Particle positions: [[158 262 207 290 219 243 290 290 -10 261 290 253 -42  70 -25]] 
Fitness: [11473 11935 11733 12009 11742 11847 12009 12009 10553 11931 12009 11892
 10299 11037 10464] 
Iteration: 2 
Particle positions: [[290 290 290 290 290 290 290 290 205 290 290 290 290 115 152]] 
Fitness: [12009 12009 12009 12009 12009 12010 12009 12009 11724 12009 12009 12009
 12009 11244 11442] 
Iteration: 3 
Particle positions: [[290 290 290 290 290 290 290 290 290 290 290 290 290 290 290]] 
Fitness: [12009 12009 12009 12009 12009 12009 12009 12009 12009 12010 12009 12008
 12009 12009 12008] 
Iteration: 4 
Particle positions: [[290 290 290 290 290 290 290 290 290 290 290 290 290 290 290]] 
Fitness: [12010 12009 12009 12009 12009 12010 12009 12009 12009 12010 12009 12009
 12009 12009 12009] 
Iteration: 5 
Particle positions: [[290 290 290 290 290 290 290 290 290 290 290 290 290 290 290]] 
Fitness: [12009 12009 12009 12009 12009 12009 12009 12009 12009 12009 12010 12010
 12010 12009 12010] 
Iteration: 6 
Particle positions: [[290 290 290 290 290 290 290 290 290 290 290 290 290 290 290]] 
Fitness: [12009 12009 12009 12009 12009 12009 12009 12009 12009 12009 12010 12009
 12009 12009 12009] 
Iteration: 7 
Particle positions: [[290 290 290 290 290 290 290 290 290 290 290 290 290 290 290]] 
Fitness: [12009 12009 12009 12009 12009 12009 12009 12009 12009 12009 12009 12009
 12009 12009 12009] 
Iteration: 8 
Particle positions: [[290 290 290 290 290 290 290 290 290 290 290 290 290 290 290]] 
Fitness: [12009 12010 12010 12009 12009 12009 12009 12009 12009 12009 12009 12009
 12010 12008 12009] 
Iteration: 9 
Particle positions: [[290 290 290 290 290 290 290 290 290 290 290 290 290 290 290]] 
Fitness: [12009 12009 12009 12009 12009 12009 12009 12009 12009 12009 12008 12009
 12008 12009 12010] 
