Type: 0 
Bin: 0 
place side object: 0 
Object: 0 
Iteration: 0 
Particle positions: [[ 116 -243  -79  235    5 -213 -232 -100   15  -45  140 -240 -278  -22
  -225  120  189  199 -297   78]] 
Fitness: [ 8069 12602 11041  6257  9847 12365 12496 11314  9695 10575  7688 12585
 12780 10244 12450  8007  6935  6787 12849  8688] 
Object: 1 
Iteration: 0 
Particle positions: [[ 137   33  180  208  -22 -115  140 -254   87 -195   99  192  118  278
   151 -234   29 -194 -101  167]] 
Fitness: [ 8148  9932  7377  6882 10778 11966  8096 13007  9029 12692  8822  7164
  8490  5810  7901 12919  9997 12686 11796  7614] 
Object: 2 
Iteration: 0 
Particle positions: [[-189 -201  -33  122   46 -271   -1 -146  -85  257  271 -184 -213  186
   218  251 -284 -148 -158  200]] 
Fitness: [12932 12981 11364  8914 10223 13082 10959 12632 12029  6457  6225 12907
 13020  7741  7152  6562 13089 12648 12719  7482] 
place side object: 1 
Object: 0 
Iteration: 0 
Particle positions: [[ 180  147  229 -271   86  168 -228  120  143  105   60 -148  243  -40
   101  160   25   18  -59 -117]] 
Fitness: [ 8038  8506  7334 12711  9383  8206 12526  8891  8563  9104  9757 12082
  7136 11086  9163  8319 10248 10343 11289 11799] 
Object: 2 
Iteration: 0 
Particle positions: [[ -52  241 -161  116  251  177 -159  209 -181 -158  -63    3  150    0
   262  113   61 -128 -142  130]] 
Fitness: [12209  7747 12997  9931  7563  8897 12988  8323 13071 12983 12311 11543
  9361 11583  7365  9980 10790 12829 12902  9698] 
place side object: 2 
Object: 2 
Iteration: 0 
Particle positions: [[-172 -156  177 -122  -37   -6  -30   40 -195 -244  -20  -13  287 -192
   153 -265  170   40 -117 -186]] 
Fitness: [13076 13052  9768 12955 12419 12169 12366 11657 13092 13035 12288 12230
  7916 13093 10141 12939  9877 11657 12935 13089] 
Type: 1 
Bin: 0 
place side object: 0 
Object: 0 
Iteration: 0 
Particle positions: [[ -68 -121  179 -187 -254 -259    6  287  138   52 -234 -195  123  271
   -71  187   89 -261  154 -196]] 
Fitness: [11553 11257 12271 10853 10418 10385 11841 12302 12185 12027 10551 10802
 12196 12289 11536 12286 12094 10373 12213 10795] 
Object: 1 
Iteration: 0 
Particle positions: [[  17  233   30  -40  144  113   23  173  -29 -271  130 -274 -127  102
   141 -107  265 -248   40 -183]] 
Fitness: [12169 12339 12211 11975 12382 12357 12190 12404 12028 10230 12373 10194
 11475 12384 12379 11604 12252 10503 12240 11060] 
Object: 2 
Iteration: 0 
Particle positions: [[ -53 -245  137  -39 -193 -239  104 -253 -237 -288  151  -52 -282   96
    57  121   49  132  200  256]] 
Fitness: [12099  9957 12690 12187 10786 10068 12658  9859 10104  9100 12652 12105
  9260 12645 12570 12681 12588 12688 12614 12452] 
place side object: 1 
Object: 0 
Iteration: 0 
Particle positions: [[-265  129  -66 -244   66   56  -48   28  274  190  -92   61 -249  133
  -129  160 -200 -223    3 -222]] 
Fitness: [ 9533 11762 10763  9627 11484 11426 10873 11265 12305 12007 10607 11454
  9587 11679 10322 11919  9901  9780 11122  9785] 
Object: 1 
Iteration: 0 
Particle positions: [[ -43  152  -61 -157  -68   52   23   42 -161  -57 -291    8  173  165
   -12 -172 -160  -48 -242 -121]] 
Fitness: [11180 12069 11067 10424 11022 11710 11561 11660 10397 11091  9298 11479
 12088 12110 11365 10316 10403 11147  9708 10673] 
place side object: 2 
Object: 0 
Iteration: 0 
Particle positions: [[ -83   -4  199  152 -161  132 -101  -81 -175 -160  218 -275 -235 -251
  -197  207 -261 -271 -249  -69]] 
Fitness: [ 9789 10249 11579 11255  9322 11121  9696  9800  9241  9327 11656  8841
  8993  8897  9161 11634  8842  8864  8907  9864] 
