Type: 0 
Bin: 0 
place side object: 0 
Object: 0 
Iteration: 0 
Particle positions: [[-191 -201 -275  141  -50   48  129  151 -294  201 -216  189  113 -103
    -4]] 
Fitness: [12197 12275 12766  7672 10646  9179  7863  7520 12840  6757 12388  6935
  8117 11351  9981] 
Iteration: 1 
Particle positions: [[-300 -300 -286  -13 -290 -200 -300 -300 -293 -262 -272  -13 -271 -267
  -236]] 
Fitness: [12859 12859 12812 10114 12826 12267 12859 12860 12837 12706 12753 10113
 12749 12730 12562] 
Iteration: 2 
Particle positions: [[-300 -300 -300 -300 -300 -300 -300 -300 -300 -300 -300 -300 -300 -300
  -300]] 
Fitness: [12859 12860 12860 12860 12859 12860 12860 12861 12860 12859 12859 12860
 12860 12859 12860] 
Iteration: 3 
Particle positions: [[-300 -300 -300 -300 -300 -300 -300 -300 -300 -300 -300 -300 -300 -300
  -300]] 
Fitness: [12860 12860 12859 12860 12859 12859 12860 12859 12860 12859 12860 12860
 12859 12860 12859] 
Iteration: 4 
Particle positions: [[-300 -300 -300 -300 -300 -300 -300 -300 -300 -300 -300 -300 -300 -300
  -300]] 
Fitness: [12859 12859 12860 12859 12859 12860 12860 12860 12860 12859 12860 12860
 12859 12860 12859] 
Iteration: 5 
Particle positions: [[-300 -300 -300 -300 -300 -300 -300 -300 -300 -300 -300 -300 -300 -300
  -300]] 
Fitness: [12860 12859 12859 12860 12859 12860 12859 12860 12859 12859 12860 12859
 12860 12860 12859] 
Iteration: 6 
Particle positions: [[-300 -300 -300 -300 -300 -300 -300 -300 -300 -300 -300 -300 -300 -300
  -300]] 
Fitness: [12859 12859 12859 12860 12860 12860 12860 12860 12860 12860 12859 12860
 12860 12859 12859] 
Iteration: 7 
Particle positions: [[-300 -300 -300 -300 -300 -300 -300 -300 -300 -300 -300 -300 -300 -300
  -300]] 
Fitness: [12859 12860 12861 12860 12859 12860 12860 12860 12860 12859 12860 12860
 12860 12860 12859] 
Iteration: 8 
Particle positions: [[-300 -300 -300 -300 -300 -300 -300 -300 -300 -300 -300 -300 -300 -300
  -300]] 
Fitness: [12859 12860 12860 12860 12860 12859 12859 12859 12860 12860 12861 12859
 12860 12859 12859] 
Iteration: 9 
Particle positions: [[-300 -300 -300 -300 -300 -300 -300 -300 -300 -300 -300 -300 -300 -300
  -300]] 
Fitness: [12860 12860 12860 12859 12860 12861 12860 12859 12860 12860 12859 12859
 12859 12859 12859] 
Object: 1 
Iteration: 0 
Particle positions: [[ -84  279  -85 -235  272  111 -171  -66 -243   48 -290  -10  150 -107
  -212]] 
Fitness: [11580  5798 11593 12924  5892  8613 12522 11340 12961  9688 13137 10601
  7918 11869 12793] 
Iteration: 1 
Particle positions: [[-156 -300 -169 -300 -300 -300 -187 -225 -300 -165 -290 -265 -300 -288
  -300]] 
Fitness: [12404 13148 12508 13148 13147 13148 12638 12870 13148 12477 13137 13079
 13148 13135 13148] 
Iteration: 2 
Particle positions: [[-300 -300 -300 -300 -300 -300 -300 -300 -300 -300 -300 -300 -300 -300
  -300]] 
Fitness: [13148 13147 13148 13146 13148 13147 13148 13147 13148 13148 13148 13148
 13147 13148 13146] 
Iteration: 3 
Particle positions: [[-300 -300 -300 -300 -300 -300 -300 -300 -300 -300 -300 -300 -300 -300
  -300]] 
Fitness: [13148 13147 13148 13148 13147 13148 13147 13148 13148 13147 13147 13147
 13147 13148 13148] 
Iteration: 4 
Particle positions: [[-300 -300 -300 -300 -300 -300 -300 -300 -300 -300 -300 -300 -300 -300
  -300]] 
Fitness: [13147 13148 13148 13147 13148 13148 13147 13147 13148 13148 13147 13147
 13148 13148 13148] 
Iteration: 5 
Particle positions: [[-300 -300 -300 -300 -300 -300 -300 -300 -300 -300 -300 -300 -300 -300
  -300]] 
Fitness: [13148 13147 13147 13148 13148 13147 13147 13148 13148 13147 13147 13148
 13149 13148 13148] 
Iteration: 6 
Particle positions: [[-300 -300 -300 -300 -300 -300 -300 -300 -300 -300 -300 -300 -300 -300
  -300]] 
Fitness: [13148 13148 13149 13147 13148 13148 13147 13148 13148 13147 13148 13148
 13146 13147 13148] 
Iteration: 7 
Particle positions: [[-300 -300 -300 -300 -300 -300 -300 -300 -300 -300 -300 -300 -300 -300
  -300]] 
Fitness: [13147 13147 13147 13147 13147 13148 13147 13148 13148 13148 13147 13147
 13146 13147 13149] 
Iteration: 8 
Particle positions: [[-300 -300 -300 -300 -300 -300 -300 -300 -300 -300 -300 -300 -300 -300
  -300]] 
Fitness: [13148 13147 13147 13146 13146 13148 13146 13147 13147 13147 13147 13148
 13148 13147 13148] 
Iteration: 9 
Particle positions: [[-300 -300 -300 -300 -300 -300 -300 -300 -300 -300 -300 -300 -300 -300
  -300]] 
Fitness: [13147 13146 13147 13147 13147 13147 13147 13147 13146 13147 13147 13148
 13147 13147 13147] 
Object: 2 
Iteration: 0 
Particle positions: [[  53  170   81  138  128   15    2  155  219 -280 -116  138  -81   62
   -39]] 
Fitness: [10106  8037  9640  8627  8806 10717 10913  8316  7133 13099 12379  8627
 11982  9960 11446] 
Iteration: 1 
Particle positions: [[-150 -300 -300 -113 -300 -300 -207 -300 -300 -281 -300 -300 -144 -182
  -113]] 
Fitness: [12662 13034 13034 12346 13034 13034 13001 13034 13034 13098 13035 13035
 12619 12897 12345] 
Iteration: 2 
Particle positions: [[-300 -300 -300 -300 -300 -300 -300 -300 -300 -280 -300 -300 -300 -300
  -300]] 
Fitness: [13034 13034 13034 13035 13034 13034 13035 13035 13033 13099 13035 13033
 13035 13035 13034] 
Iteration: 3 
Particle positions: [[-300 -300 -300 -300 -300 -300 -300 -300 -300 -279 -300 -300 -300 -300
  -300]] 
Fitness: [13034 13035 13034 13033 13034 13033 13033 13033 13034 13100 13034 13034
 13035 13035 13034] 
Iteration: 4 
Particle positions: [[-300 -300 -300 -300 -300 -300 -300 -300 -300 -278 -300 -300 -300 -300
  -300]] 
Fitness: [13035 13034 13034 13035 13034 13034 13034 13035 13036     0 13034 13034
 13034 13034 13034] 
Iteration: 5 
Particle positions: [[-300 -300 -300 -300 -300 -300 -300 -300 -300 -281 -300 -300 -300 -300
  -300]] 
Fitness: [13033 13034 13035 13034 13035 13034 13033 13035 13033 13097 13034 13035
 13035 13034 13034] 
Iteration: 6 
Particle positions: [[-300 -300 -300 -300 -300 -300 -300 -300 -300 -279 -300 -300 -300 -300
  -300]] 
Fitness: [13034 13033 13034 13033 13036 13035 13034 13034 13034 13102 13034 13035
 13033 13035 13035] 
Iteration: 7 
Particle positions: [[-277 -300 -291 -300 -300 -300 -295 -300 -300 -277 -279 -300 -278 -300
  -291]] 
Fitness: [13106 13035 13070 13034 13034 13036 13055 13035 13034 13105 13102 13033
 13104 13033 13070] 
Iteration: 8 
Particle positions: [[-264 -300 -259 -300 -297 -267 -287 -296 -300 -276 -266 -272 -266 -282
  -286]] 
Fitness: [13088 13034 13091 13035 13047 13086 13081 13051 13034 13108 13086 13113
 13087 13094 13084] 
Iteration: 9 
Particle positions: [[-268 -260 -264 -254 -277 -254 -272 -291 -273 -273 -271 -258 -267 -267
  -277]] 
Fitness: [13085 13091 13088 13089 13105 13090 13113 13070 13112 13112 13082 13090
 13086 13086 13104] 
place side object: 1 
Object: 0 
Iteration: 0 
Particle positions: [[ 217  159 -212  286 -129   63    0  142  -32  178 -271 -200  216   69
   279]] 
Fitness: [ 7505  8335 12452  6518 11895  9714 10581  8577 10988  8066 12712 12394
  7521  9627  6619] 
Iteration: 1 
Particle positions: [[-300 -300 -285   23 -300 -268 -253  -85 -300 -300 -270 -300 -300 -300
   -30]] 
Fitness: [12762 12762 12740 10274 12761 12704 12623 11529 12760 12761 12709 12760
 12760 12761 10963] 
Iteration: 2 
Particle positions: [[-300 -300 -300 -300 -300 -300 -300 -300 -300 -300 -292 -300 -300 -300
  -300]] 
Fitness: [12761 12761 12760 12761 12762 12762 12762 12761 12761 12761 12752 12760
 12760 12760 12760] 
Iteration: 3 
Particle positions: [[-300 -300 -300 -300 -300 -300 -300 -300 -300 -300 -300 -300 -300 -300
  -300]] 
Fitness: [12761 12761 12760 12762 12761 12761 12760 12762 12761 12761 12761 12761
 12761 12761 12761] 
Iteration: 4 
Particle positions: [[-300 -300 -300 -300 -300 -300 -300 -300 -300 -300 -300 -300 -300 -300
  -300]] 
Fitness: [12761 12762 12760 12761 12762 12761 12761 12761 12761 12761 12761 12760
 12761 12761 12761] 
Iteration: 5 
Particle positions: [[-300 -300 -300 -300 -300 -300 -300 -300 -300 -300 -300 -300 -300 -300
  -300]] 
Fitness: [12762 12761 12761 12761 12761 12761 12761 12761 12760 12761 12761 12761
 12761 12761 12761] 
Iteration: 6 
Particle positions: [[-300 -300 -300 -300 -300 -300 -300 -300 -300 -300 -300 -300 -300 -300
  -300]] 
Fitness: [12761 12761 12761 12761 12761 12761 12761 12761 12760 12761 12761 12760
 12761 12761 12760] 
Iteration: 7 
Particle positions: [[-300 -300 -300 -300 -300 -300 -300 -300 -300 -300 -300 -300 -300 -300
  -300]] 
Fitness: [12762 12761 12761 12761 12761 12761 12760 12761 12760 12760 12760 12760
 12762 12761 12761] 
Iteration: 8 
Particle positions: [[-300 -300 -300 -300 -300 -300 -300 -300 -300 -300 -300 -300 -300 -300
  -300]] 
Fitness: [12761 12761 12760 12761 12760 12761 12761 12761 12761 12761 12761 12761
 12761 12761 12762] 
Iteration: 9 
Particle positions: [[-300 -300 -300 -300 -300 -300 -300 -300 -300 -300 -300 -300 -300 -300
  -300]] 
Fitness: [12761 12760 12762 12761 12761 12760 12760 12761 12761 12761 12760 12761
 12761 12760 12761] 
Object: 1 
Iteration: 0 
Particle positions: [[-173   89   66   81 -271   21   -8  -18  166  256  128   62  -65 -297
   154]] 
Fitness: [12745  9841 10188  9963 13041 10836 11228 11306  8592  7110  9221 10247
 11895 13069  8790] 
Iteration: 1 
Particle positions: [[-300  -53 -300  -91 -295  -38 -300 -300 -253 -250 -300 -300 -300 -297
  -193]] 
Fitness: [13064 11731 13064 12129 13072 11561 13065 13065 13021 13015 13065 13065
 13065 13069 12842] 
Iteration: 2 
Particle positions: [[-300 -300 -300 -300 -300 -300 -300 -300 -300 -300 -300 -300 -300 -293
  -300]] 
Fitness: [13065 13065 13065 13064 13065 13064 13064 13064 13065 13065 13066 13065
 13064 13072 13064] 
Iteration: 3 
Particle positions: [[-300 -300 -300 -300 -300 -300 -300 -300 -300 -300 -300 -300 -300 -293
  -300]] 
Fitness: [13064 13064 13065 13065 13065 13065 13065 13065 13065 13064 13065 13064
 13065 13073 13065] 
Iteration: 4 
Particle positions: [[-300 -300 -300 -300 -284 -300 -300 -300 -300 -300 -300 -300 -300 -293
  -300]] 
Fitness: [13065 13064 13065 13064 13077 13064 13065 13064 13065 13064 13065 13064
 13064 13073 13064] 
Iteration: 5 
Particle positions: [[-300 -300 -300 -300 -272 -300 -300 -300 -300 -300 -300 -300 -300 -275
  -300]] 
Fitness: [13065 13066 13064 13065 13042 13065 13064 13064 13065 13064 13064 13065
 13064 13044 13065] 
Iteration: 6 
Particle positions: [[-300 -300 -300 -300 -282 -300 -300 -300 -300 -300 -300 -300 -300 -287
  -300]] 
Fitness: [13064 13065 13064 13065 13044 13065 13064 13064 13065 13065 13064 13065
 13065 13076 13064] 
Iteration: 7 
Particle positions: [[-293 -300 -300 -286 -289 -300 -300 -300 -300 -300 -300 -300 -298 -293
  -300]] 
Fitness: [13072 13065 13065 13077 13075 13064 13065 13064 13064 13065 13064 13065
 13068 13072 13064] 
Iteration: 8 
Particle positions: [[-277 -281 -300 -275 -283 -300 -300 -287 -297 -300 -300 -300 -288 -270
  -297]] 
Fitness: [13044 13044 13065 13043 13044 13064 13063 13077 13069 13065 13064 13064
 13076 13041 13069] 
Iteration: 9 
Particle positions: [[-299 -300 -287 -289 -282 -300 -274 -277 -286 -291 -300 -287 -277 -288
  -272]] 
Fitness: [13066 13065 13077 13076 13044 13065 13043 13044 13076 13075 13064 13077
 13044 13075 13042] 
place side object: 2 
Object: 0 
Iteration: 0 
Particle positions: [[ -76  106    5   88  272  168  253 -253  -36   79  -37  119  224   -6
  -248]] 
Fitness: [11678  9798 10973 10029  7693  9034  7946 12438 11326 10142 11333  9638
  8325 11084 12431] 
Iteration: 1 
Particle positions: [[-260 -300  -47   -9 -300 -300 -300 -253 -300 -300 -224 -300   89 -300
  -249]] 
Fitness: [12445 12444 11414 11094 12443 12444 12444 12437 12443 12444 12399 12444
 10016 12443 12432] 
Iteration: 2 
Particle positions: [[-300 -300 -259 -300 -300 -300 -300 -265 -300 -300 -300 -300 -300 -300
  -271]] 
Fitness: [12443 12443 12443 12444 12443 12444 12444 12447 12444 12444 12443 12443
 12443 12443 12451] 
Iteration: 3 
Particle positions: [[-300 -300 -300 -300 -300 -300 -300 -275 -300 -300 -300 -300 -300 -300
  -288]] 
Fitness: [12443 12444 12444 12444 12443 12444 12443 12453 12443 12443 12444 12444
 12444 12443 12452] 
Iteration: 4 
Particle positions: [[-300 -300 -300 -300 -300 -300 -300 -283 -300 -300 -300 -300 -300 -300
  -298]] 
Fitness: [12444 12444 12444 12443 12443 12444 12443 12452 12444 12444 12443 12444
 12443 12444 12446] 
Iteration: 5 
Particle positions: [[-213 -300 -300 -300 -300 -300 -300 -282 -300 -300 -300 -300 -300 -300
  -273]] 
Fitness: [12376 12444 12443 12444 12443 12444 12443 12453 12444 12444 12443 12443
 12443 12444 12453] 
Iteration: 6 
Particle positions: [[-246 -300 -282 -300 -300 -300 -300 -262 -300 -300 -291 -300 -300 -300
  -260]] 
Fitness: [12429 12444 12454 12443 12444 12443 12443 12446 12443 12443 12450 12443
 12443 12443 12445] 
Iteration: 7 
Particle positions: [[-292 -293 -271 -300 -300 -300 -300 -255 -298 -300 -285 -300 -300 -282
  -267]] 
Fitness: [12450 12450 12451 12444 12443 12443 12444 12439 12445 12443 12452 12443
 12443 12453 12450] 
Iteration: 8 
Particle positions: [[-300 -275 -280 -288 -300 -300 -298 -300 -281 -283 -279 -292 -300 -272
  -279]] 
Fitness: [12444 12453 12452 12452 12444 12444 12445 12442 12453 12454 12453 12450
 12444 12452 12453] 
Iteration: 9 
Particle positions: [[-283 -279 -286 -280 -276 -300 -293 -249 -272 -273 -277 -274 -277 -283
  -281]] 
Fitness: [12453 12453 12452 12454 12453 12443 12450 12432 12452 12453 12453 12452
 12453 12453 12452] 
Type: 1 
Bin: 0 
place side object: 0 
Object: 0 
Iteration: 0 
Particle positions: [[ 112  212  -74 -167  -49  161  -88  149 -222 -118  251   92   31   -5
   197]] 
Fitness: [12167 12268 11520 10979 11598 12231 11445 12206 10628 11274 12275 12104
 11949 11797 12255] 
Iteration: 1 
Particle positions: [[126 234 -43 290 152 290 290 290 168 277 252 290 290  37 223]] 
Fitness: [12204 12306 11627 12303 12211 12304 12304 12303 12248 12295 12276 12303
 12303 11972 12290] 
Iteration: 2 
Particle positions: [[290 252 290 290 290 290 290 290 290 290 241 290 290 149 255]] 
Fitness: [12303 12275 12303 12304 12303 12303 12303 12304 12303 12303 12313 12303
 12304 12206 12277] 
Iteration: 3 
Particle positions: [[290 238 290 290 290 290 290 290 290 290 232 290 290 290 206]] 
Fitness: [12303 12311 12303 12303 12303 12303 12304 12303 12304 12303 12304 12304
 12303 12303 12264] 
Iteration: 4 
Particle positions: [[282 230 290 290 256 290 290 288 290 290 251 290 290 290 220]] 
Fitness: [12299 12301 12303 12304 12277 12303 12304 12303 12303 12303 12275 12303
 12303 12304 12285] 
Iteration: 5 
Particle positions: [[237 251 290 290 284 260 290 252 290 290 235 204 290 269 253]] 
Fitness: [12310 12275 12303 12303 12300 12277 12303 12276 12303 12303 12307 12263
 12303 12286 12276] 
Iteration: 6 
Particle positions: [[213 228 276 290 239 265 290 284 239 261 230 182 194 248 228]] 
Fitness: [12271 12298 12295 12303 12311 12280 12304 12301 12311 12278 12301 12277
 12252 12274 12298] 
Iteration: 7 
Particle positions: [[235 224 248 266 215 290 251 290 211 265 235 290 290 290 231]] 
Fitness: [12308 12292 12274 12282 12275 12304 12276 12303 12268 12280 12307 12304
 12303 12303 12302] 
Iteration: 8 
Particle positions: [[253 241 249 276 272 280 265 282 227 232 250 290 290 290 248]] 
Fitness: [12276 12314 12275 12295 12290 12298 12280 12299 12297 12303 12274 12303
 12303 12303 12274] 
Iteration: 9 
Particle positions: [[217 249 246 266 235 226 230 215 254 290 240 290 269 228 217]] 
Fitness: [12279 12274 12273 12282 12308 12295 12300 12275 12277 12303 12313 12304
 12286 12298 12279] 
Object: 1 
Iteration: 0 
Particle positions: [[ -39 -119   74 -295  167  -13 -254   52 -132   78 -291  189 -186   87
   -25]] 
Fitness: [11980 11528 12328  9983 12403 12099 10428 12269 11441 12337 10038 12361
 11036 12357 12047] 
Iteration: 1 
Particle positions: [[118 290 133 290 167  -3 290 178 290  86 240 171 290 177 129]] 
Fitness: [12363 12216 12375 12217 12403 12140 12216 12405 12217 12355 12333 12404
 12216 12405 12373] 
Iteration: 2 
Particle positions: [[275 290 241 290 177 265 290 285 290 235 290 159 290 253 290]] 
Fitness: [12236 12217 12332 12217 12405 12253 12216 12224 12217 12339 12217 12398
 12217 12273 12217] 
Iteration: 3 
Particle positions: [[221 290 106 290 187 290 290 150 290 267 290 181 290 117  67]] 
Fitness: [12345 12217 12390 12216 12362 12217 12216 12389 12217 12249 12217 12406
 12217 12362 12309] 
Iteration: 4 
Particle positions: [[154 229  88 290 177 243 290  96 267 122  67 197 284  49  79]] 
Fitness: [12393 12342 12359 12217 12405 12331 12217 12374 12249 12367 12309 12358
 12226 12263 12340] 
Iteration: 5 
Particle positions: [[154 101 217 275 178 114 290 144 125  84 104 194 147 247 290]] 
Fitness: [12394 12383 12346 12236 12405 12358 12216 12382 12370 12350 12388 12358
 12385 12326 12217] 
Iteration: 6 
Particle positions: [[169  54  54 164 178 148 290 281 140 143 129 172  80 180 195]] 
Fitness: [12403 12273 12274 12401 12405 12387 12217 12230 12378 12382 12372 12404
 12341 12405 12359] 
Iteration: 7 
Particle positions: [[192 116 148 106 183 179 151 158 184 194 161 191 203 138 104]] 
Fitness: [12360 12361 12387 12390 12406 12405 12390 12396 12362 12359 12398 12361
 12353 12377 12388] 
Iteration: 8 
Particle positions: [[189 164 188 134 183 198 131 136 157 127 208 185 256 261 142]] 
Fitness: [12361 12401 12361 12376 12405 12356 12375 12377 12396 12371 12348 12362
 12269 12260 12379] 
Iteration: 9 
Particle positions: [[180 210  56 261 181 171 207 273 166 161 118 178 200 130 173]] 
Fitness: [12406 12346 12278 12260 12405 12404 12350 12237 12401 12399 12363 12405
 12356 12374 12404] 
Object: 2 
Iteration: 0 
Particle positions: [[-242   39 -224   82  240  -76 -282  -47  -49  111  -19  276  165 -197
  -124]] 
Fitness: [10014 12556 10342 12625 12499 11937  9261 12137 12126 12669 12297 12401
 12647 10724 11569] 
Iteration: 1 
Particle positions: [[259  91 290 123 159 231 290 -27 215 112  23 160  59 265 226]] 
Fitness: [12444 12639 12358 12683 12650 12521 12357 12255 12594 12671 12497 12650
 12577 12429 12572] 
Iteration: 2 
Particle positions: [[290 176 290 157  89 290 290 283 290 112 195  41  91 290 290]] 
Fitness: [12357 12636 12357 12652 12636 12357 12358 12381 12358 12669 12618 12563
 12639 12357 12357] 
Iteration: 3 
Particle positions: [[290 192 290 176 135 290 290 221 290 124 290 157 252 173 290]] 
Fitness: [12357 12620 12357 12636 12690 12357 12357 12583 12357 12683 12358 12652
 12464 12640 12358] 
Iteration: 4 
Particle positions: [[145  13 290  46 169 290  73  97 126 140 -16 208 134  59 154]] 
Fitness: [12692 12455 12358 12579 12643 12357 12609 12646 12684 12692 12312 13617
 12690 12577 12652] 
Iteration: 5 
Particle positions: [[ 98 290 268 251 224 134 -42 208  99 231 138 243 183 290 135]] 
Fitness: [12647 12358 12423 12468 12578 12690 12169 13618 12649 12522 12691 12491
 12627 12358 12690] 
Iteration: 6 
Particle positions: [[189 290 148 183 229 178 153 280 285 148 290 256 148 282 188]] 
Fitness: [12621 12357 12693 12627 12566 12634 12654 12389 12374 12693 12357 12451
 12693 12383 12623] 
Iteration: 7 
Particle positions: [[220  73  90 119 173 163 290 217 182 147  49 169 213 196 226]] 
Fitness: [12585 12609 12638 12677 12639 12648 12357 12590 12629 12693 12588 12644
 12596 12618 12574] 
Iteration: 8 
Particle positions: [[223 226 290 205 134 123  81 158 120 248 136 209 211 129 180]] 
Fitness: [12579 12574 12356 12735 12690 12683 12624 12651 12679 12477 12691 12603
 12599 12687 12631] 
Iteration: 9 
Particle positions: [[139 230  19 251 256 197  96 223 222 136 290 227 161 216 197]] 
Fitness: [12692 12523 12481 12468 12451 12617 12645 12579 12582 12691 12357 12572
 12649 12592 12617] 
place side object: 1 
Object: 0 
Iteration: 0 
Particle positions: [[ -46  160 -128  -98  -47   50   82  105  143  227  -57  -91   91 -122
   275]] 
Fitness: [10886 11920 10328 10570 10878 11390 11574 11646 11833 12169 10819 10612
 11622 10363 12309] 
Iteration: 1 
Particle positions: [[122 290 189 161 265 221 290 121 262 290 -54 -74 288  26 275]] 
Fitness: [11729 12318 12004 11925 12267 12144 12317 11725 12255 12318 10836 10716
 12311 11254 12309] 
Iteration: 2 
Particle positions: [[290 290 290 290 290 290 290 290 290 290 251  40 290 290 290]] 
Fitness: [12317 12317 12318 12318 12318 12318 12317 12318 12317 12318 12213 11331
 12317 12317 12318] 
Iteration: 3 
Particle positions: [[290 290 290 290 290 290 290 290 290 290 290 136 290 290 290]] 
Fitness: [12318 12318 12317 12319 12317 12317 12318 12318 12317 12318 12318 11796
 12318 12317 12317] 
Iteration: 4 
Particle positions: [[290 290 290 290 290 290 290 290 290 290 290 290 290 290 290]] 
Fitness: [12318 12318 12318 12317 12318 12318 12318 12318 12317 12318 12318 12318
 12318 12318 12317] 
Iteration: 5 
Particle positions: [[290 290 290 290 290 290 290 290 290 290 290 290 290 290 290]] 
Fitness: [12318 12318 12318 12318 12318 12317 12318 12317 12318 12318 12318 12318
 12318 12317 12317] 
Iteration: 6 
Particle positions: [[290 290 290 290 290 290 290 290 290 290 290 290 290 290 290]] 
Fitness: [12318 12318 12318 12317 12317 12317 12318 12318 12317 12318 12318 12318
 12318 12317 12318] 
Iteration: 7 
Particle positions: [[290 290 290 290 290 290 290 290 290 290 290 290 290 290 290]] 
Fitness: [12318 12317 12318 12318 12318 12318 12318 12318 12318 12318 12317 12318
 12318 12317 12318] 
Iteration: 8 
Particle positions: [[290 290 290 290 290 290 290 290 290 290 290 290 290 290 290]] 
Fitness: [12317 12318 12318 12317 12317 12318 12318 12317 12318 12317 12317 12318
 12318 12318 12318] 
Iteration: 9 
Particle positions: [[290 290 290 290 290 290 290 290 290 290 290 290 290 290 290]] 
Fitness: [12318 12318 12318 12318 12318 12317 12318 12317 12318 12317 12318 12317
 12318 12318 12318] 
Object: 1 
Iteration: 0 
Particle positions: [[  25  174   -6  -46  274   15 -144   62   32 -258  213 -194  200  185
  -295]] 
Fitness: [11572 12091 11399 11160 12261 11518 10516 11757 11608  9606 12192 10107
 12154 12120  9246] 
Iteration: 1 
Particle positions: [[ 290  225  214  290  274  290  -25  192  290 -102  290  290  233  283
   290]] 
Fitness: [12287 12222 12194 12288 12261 12288 11289 12135 12287 10800 12287 12287
 12239 12276 12288] 
Iteration: 2 
Particle positions: [[290 290 290 290 285 290 290 290 290 290 290 290 268 290 290]] 
Fitness: [12287 12287 12287 12288 12281 12287 12287 12287 12288 12287 12288 12287
 12248 12287 12288] 
Iteration: 3 
Particle positions: [[290 290 290 290 290 290 290 290 290 290 290 290 290 290 290]] 
Fitness: [12287 12287 12287 12288 12288 12288 12287 12287 12288 12287 12288 12287
 12287 12287 12287] 
Iteration: 4 
Particle positions: [[290 290 290 290 290 290 290 290 290 290 290 290 290 290 290]] 
Fitness: [12287 12287 12288 12287 12288 12288 12288 12287 12288 12287 12288 12288
 12288 12288 12287] 
Iteration: 5 
Particle positions: [[290 290 290 290 290 290 290 290 290 290 290 290 290 290 290]] 
Fitness: [12287 12287 12288 12287 12287 12287 12288 12287 12287 12288 12288 12287
 12287 12288 12288] 
Iteration: 6 
Particle positions: [[290 290 290 290 290 290 290 290 290 290 290 290 290 290 290]] 
Fitness: [12288 12288 12287 12287 12288 12287 12287 12288 12287 12288 12287 12287
 12287 12288 12288] 
Iteration: 7 
Particle positions: [[290 290 290 290 290 290 290 290 290 290 290 290 290 290 290]] 
Fitness: [12287 12288 12288 12288 12288 12287 12287 12287 12287 12288 12288 12288
 12287 12288 12287] 
Iteration: 8 
Particle positions: [[290 290 290 290 290 290 290 290 290 290 290 290 290 290 290]] 
Fitness: [12287 12287 12287 12287 12288 12288 12288 12287 12287 12287 12288 12287
 12288 12287 12287] 
Iteration: 9 
Particle positions: [[290 290 290 290 290 290 290 290 290 290 290 290 290 290 290]] 
Fitness: [12288 12288 12287 12288 12287 12287 12288 12288 12288 12287 12288 12288
 12289 12287 12287] 
place side object: 2 
Object: 1 
Iteration: 0 
Particle positions: [[ -46 -269   43  237 -249 -111 -167   -7   74  252  -92 -160   16  -60
    18]] 
Fitness: [10275  8857 10874 11822  8960  9881  9511 10571 11060 11887  9994  9570
 10711 10189 10723] 
Iteration: 1 
Particle positions: [[290 290 290 250 290 235 150  77 290 253 268 257 234 290 290]] 
Fitness: [12009 12009 12009 11877 12010 11814 11433 11077 12009 11892 11962 11978
 11809 12009 12009] 
Iteration: 2 
Particle positions: [[290 290 290 278 290 290 290 191 290 272 290 290 290 290 290]] 
Fitness: [12009 12009 12009 12007 12009 12009 12009 11653 12009 11980 12009 12009
 12009 12009 12008] 
Iteration: 3 
Particle positions: [[290 290 290 290 290 290 290 290 290 289 290 290 290 290 290]] 
Fitness: [12009 12009 12010 12009 12009 12009 12009 12009 12009 12005 12009 12009
 12009 12009 12009] 
Iteration: 4 
Particle positions: [[290 290 290 290 290 290 290 290 290 290 290 290 290 290 290]] 
Fitness: [12009 12009 12009 12009 12009 12009 12009 12010 12009 12009 12009 12010
 12009 12009 12009] 
Iteration: 5 
Particle positions: [[290 290 290 290 290 290 290 290 290 290 290 290 290 290 290]] 
Fitness: [12009 12009 12009 12009 12008 12009 12009 12009 12009 12009 12009 12009
 12009 12009 12009] 
Iteration: 6 
Particle positions: [[290 290 290 290 290 290 290 290 290 290 290 290 290 290 290]] 
Fitness: [12009 12009 12010 12009 12010 12009 12009 12009 12010 12009 12009 12009
 12009 12009 12009] 
Iteration: 7 
Particle positions: [[290 290 290 290 290 290 290 290 290 290 290 290 290 290 290]] 
Fitness: [12009 12009 12009 12010 12009 12009 12010 12009 12009 12009 12009 12009
 12009 12009 12009] 
Iteration: 8 
Particle positions: [[290 290 290 290 290 290 290 290 290 290 290 290 290 290 290]] 
Fitness: [12009 12009 12009 12010 12009 12010 12009 12009 12009 12009 12008 12009
 12009 12009 12009] 
Iteration: 9 
Particle positions: [[290 290 290 290 290 290 290 290 290 290 290 290 290 290 290]] 
Fitness: [12009 12009 12009 12009 12009 12009 12009 12009 12009 12009 12008 12008
 12009 12009 12009] 
