Type: 1 
Bin: 0 
place side object: 0 
Object: 0 
Iteration: 0 
Particle positions: [[ -80  -20  138 -110 -246  201  269  285  161   40 -128  -70  103  -25
  -143  188  179   -8  -79  -58]] 
Fitness: [11558 11861 12285 11395 10528 12345 12306 12304 12283 12049 11293 11612
 12199 11838 11204 12324 12307 11867 11563 11677] 
Iteration: 1 
Particle positions: [[116 113 236  78 238 201 161 192 163 181 290 142 226  13 223 207 206 261
  290 236]] 
Fitness: [12229 12221 12327 12180 12331 12345 12284 12331 12286 12312 12307 12295
 12321 11950 12320 12352 12351 12350 12307 12327] 
Iteration: 2 
Particle positions: [[290 237 287 290 290 203 191 126 231 290 290 290 290 209 290 223 230 290
  290 290]] 
Fitness: [12307 12329 12306 12307 12308 12347 12330 12257 12321 12306 12307 12306
 12307 12355 12306 12319 12320 12307 12307 12307] 
Iteration: 3 
Particle positions: [[290 290 158 290 290 207 222 223 251 290 290 290 200 290 290 202 216 290
  290 290]] 
Fitness: [12307 12306 12279 12307 12307 12352 12320 12320 12344 12307 12307 12307
 12343 12307 12307 12346 12316 12307 12307 12307] 
Iteration: 4 
Particle positions: [[272 279 204 290 211 212 188 268 223 169 290 290 128 213 260 187 189 290
  290 177]] 
Fitness: [12305 12301 12349 12307 12313 12313 12325 12305 12320 12294 12307 12307
 12262 12313 12348 12324 12326 12307 12308 12302] 
Iteration: 5 
Particle positions: [[255 108 249 290 144 209 175 269 204 153 290 290 282 146 137 195 228 290
  265 237]] 
Fitness: [12347 12209 12342 12307 12298 12354 12300 12305 12349 12271 12307 12308
 12300 12302 12283 12336 12322 12307 12305 12329] 
Iteration: 6 
Particle positions: [[170 168 196 240 290 207 170  52 199 269 288 252 290 161 258 239 206 200
  151 259]] 
Fitness: [12295 12292 12338 12333 12307 12352 12295 12094 12342 12305 12306 12345
 12308 12284 12348 12331 12351 12344 12268 12348] 
Iteration: 7 
Particle positions: [[241 290 186 151 230 207 205 277 217 247 135 175   8 290 288 206 191 226
  290 230]] 
Fitness: [12334 12307 12321 12267 12322 12352 12351 12302 12317 12341 12279 12300
 11931 12307 12306 12352 12330 12321 12307 12321] 
Iteration: 8 
Particle positions: [[283 168 208 237 182 211 233 290 209 193 179 250  36 257 237 185 183 274
  280 221]] 
Fitness: [12302 12293 12353 12329 12314 12313 12324 12307 12354 12333 12307 12343
 12032 12347 12329 12320 12315 12304 12300 12319] 
Iteration: 9 
Particle positions: [[256 252 225 255 223 209 210 290 203 273 290 290 290 158 203 228 254 214
  222 223]] 
Fitness: [12347 12345 12321 12347 12320 12354 12356 12307 12348 12304 12307 12308
 12308 12279 12348 12320 12346 12314 12319 12319] 
Iteration: 10 
Particle positions: [[231 290 213 203 246 209 194 201 206 162 290 171 290 247 290 231 254 258
  172 240]] 
Fitness: [12322 12307 12315 12348 12339 12355 12334 12345 12351 12285 12308 12296
 12307 12340 12307 12321 12346 12348 12297 12333] 
Iteration: 11 
Particle positions: [[187 231 200 180 234 210 234 153 215 216 173 266 290 272 290 205 125 213
  290 251]] 
Fitness: [12323 12321 12344 12309 12325 12355     0 12271 12316 12316 12297 12305
 12306 12305 12307 12350 12254 12314 12307 12344] 
Iteration: 12 
Particle positions: [[186 216 218 197 225 209 205 282 211 266 175 244 100 203 234 195 129 276
  251 223]] 
Fitness: [12322 12316 12317 12340 12320 12354 12349 12301 12313 12305     0 12338
 12192 12348 12325 12337 12266 12303 12344 12319] 
Iteration: 13 
Particle positions: [[275 253 219 221 247 210 195 228 203 238 290 212 142 167 192 218 218 290
  226 188]] 
Fitness: [12303 12345 12318 12319 12340 12355 12336 12321 12347 12331 12307 12314
 12295 12292 12332 12318 12317 12307 12320 12325] 
Iteration: 14 
Particle positions: [[281 228 191 208 188 210 218 154 215 214 290 211 290 285 287 213 256 254
  231 269]] 
Fitness: [12299 12321 12330 12354 12324 12355 12318 12273 12315 12315 12307 12313
 12308 12303 12305 12314 12347 12346 12322 12305] 
Iteration: 15 
Particle positions: [[259 207 217 203 216 208 206 212 213 203 239 216 170 215 221 195 198 227
  257 285]] 
Fitness: [12348 12353 12317 12347 12316     0 12351 12313 12314 12348 12331 12316
 12294 12316 12319 12337 12342 12321 12347 12303] 
Iteration: 16 
Particle positions: [[187 198 201 214 278 211 208 223 204 202 183 289 166 171 251 200 196 187
  195 103]] 
Fitness: [12323 12341 12345 12314 12302 12312     0 12320 12348 12346 12315 12307
 12289 12296 12344 12344 12338 12323 12337 12199] 
Iteration: 17 
Particle positions: [[227 219 219 214 182 210 216 219 214 209 215 148 265 209 236 226 229 253
  188 146]] 
Fitness: [12321 12318 12317 12314 12313 12355 12316 12317 12315 12354 12316 12306
 12305 12354 12328 12321 12321 12346 12324 12302] 
Iteration: 18 
Particle positions: [[272 210 207 203 145 209 211 180 207 212 245 290 206 228 232 211 208 212
  262 290]] 
Fitness: [12304 12356 12352 12348 12301 12354 12312 12309 12352 12313 12339 12307
 12351 12321 12322 12313 12353 12313 12349 12307] 
Iteration: 19 
Particle positions: [[223 206 209 209 290 209 207 167 204 206 240 214 185 188 217 198 200 239
  263 271]] 
Fitness: [12320 12351 12354 12353 12307 12354 12352 12291 12349 12352 12333 12314
 12319 12326 12317 12340 12345 12332 12305 12304] 
Object: 1 
Iteration: 0 
Particle positions: [[ -31  103 -197   98  172   65 -187 -235    0 -107  -36  -35   63  -72
   189 -195  199  -34   66 -189]] 
Fitness: [12083 12451 11044 12443 12460 12379 11128 10676 12217 11719 12062 12067
 12375 11879 12464 11060 12461 12071 12381 11111] 
Iteration: 1 
Particle positions: [[ 276  166  -77  128  206  189 -179  290  197  290  290    8  176   53
   190  117  189  168   90   68]] 
Fitness: [12282 12456 11852 12486 12456 12464 11194 12248 12462 12248 12248 12249
 12461 12351 12464 12474 12463 12458 12425 12386] 
Iteration: 2 
Particle positions: [[290 173 290 154 105 221 290 290 290 290 290  81 218 186  97 290 143 281
  144 290]] 
Fitness: [12247 12461 12247 12457 12456 12399 12247 12248 12248 12248 12247 12409
 12403 12464 12441 12247 12455 12271 12455 12247] 
Iteration: 3 
Particle positions: [[290 124 290 107  85 135 290 290 290 290 290 214 175 285  42 290 167  62
  177  46]] 
Fitness: [12247 12482 12247 12458 12416 12451 12248 12247 12248 12246 12247 12408
 12461 12261 12364 12248 12456 12372 12462 12333] 
Iteration: 4 
Particle positions: [[  59   90  290  119  263  119  290  290 -102  171  216  123  110   72
   255  198  206   53  151  -30]] 
Fitness: [12366 12426 12247 12476 12351 12476 12248 12247 11750 12459 12406 12482
 12463 12393 12362 12461 12456 12350     0 12089] 
Iteration: 5 
Particle positions: [[-74 150 267 149 190 114 211  69 140  54 109  59  62 225 290 -73  68 182
  115   3]] 
Fitness: [11869     0 12344 12457 12463 12469 12410 12387 12454 12354 12462 12366
 12372 12394 12248 11875 12385 12463 12471 12230] 
Iteration: 6 
Particle positions: [[114 134 187 110 101 121  20   0 290  81  33 160 110 284 -19   0 199 254
   89 178]] 
Fitness: [12470 12491 12463 12463 12449 12478 12293 12217 12247 12409 12337 12456
 12464 12263 12135 12217 12461 12364 12423 12462] 
Iteration: 7 
Particle positions: [[275 122  97 123 184 144 190  82 290 290  62 137 185 -87 104 157 158 -30
  106 254]] 
Fitness: [12285 12478 12441 12482 12463 12455 12464 12411 12248 12248 12373 12452
 12464 11794 12453 12457 12457 12089 12457 12364] 
Iteration: 8 
Particle positions: [[248 134 171 143 193 135 290 167  29 290 213  90 116 194 290 220  96 104
  180 105]] 
Fitness: [12370 12491 12459 12454 12462 12450 12247 12456 12324 12247 12409 12426
 12472 12462 12248 12400 12439 12454 12463 12456] 
Iteration: 9 
Particle positions: [[-28 142 217 133 140 108  76 178  -7  70 173 145  82 290 290 128 178 290
  115  90]] 
Fitness: [12096 12454 12404 12489 12453 12460 12401 12462 12187 12389 12460 12455
 12410 12247 12247 12486 12462 12248 12471 12425] 
Iteration: 10 
Particle positions: [[-174  131   49  126  109  140  172  170  290   77  -16  160  139  230
   -10   70  222  203   96  249]] 
Fitness: [11235 12488 12341 12483 12462 12453 12459 12458 12248 12401 12147 12457
 12453 12386 12174 12390 12398 12458 12439 12369] 
Iteration: 11 
Particle positions: [[290 128   9 123 132 147 256 159 149 128 262 119 133  69 207 222  55 -12
  117  86]] 
Fitness: [12247 12486 12254 12481 12489 12457 12361 12457 12457 12486 12353 12477
 12490 12388 12414 12398 12357 12165 12473 12417] 
Iteration: 12 
Particle positions: [[290 137 290 158 147 132  -7 154  62 160 208  97 130 282 290 163  19  35
  152 140]] 
Fitness: [12247 12451 12247 12457 12456 12490 12187 12458 12373 12456 12412 12441
 12489 12268 12247 12456 12290 12343 12457 12454] 
Iteration: 13 
Particle positions: [[ 290  138  258  125  106  125 -116  157  176  136  -48  139  139   59
   -93   71  244  250  111  236]] 
Fitness: [12247 12452 12359 12482 12457 12482 11661 12458 12461 12452 12005 12453
 12453 12366 11758 12392 12374 12367 12465 12380] 
Iteration: 14 
Particle positions: [[ 47 133 106 116 162 129 289 163 197 117 -39 142 133 171  21 143 248 141
   90  65]] 
Fitness: [12336 12490 12456 12471 12457 12487 12250 12456 12461 12474 12048 12454
 12490 12460 12298 12455 12370 12453 12425 12380] 
Iteration: 15 
Particle positions: [[152 132 102 125 105 145 290 128 173 129 290 120 131 228 194 146  40 131
  172 290]] 
Fitness: [12458 12490 12450 12483 12455 12456 12247 12486 12460 12487 12247 12478
 12489 12389 12462 12457 12358 12489 12459 12247] 
Iteration: 16 
Particle positions: [[128 139 197 135  87 118 -11 115 169 140 290 118 136 165 180 126 290 130
  146  28]] 
Fitness: [12486 12453 12463 12451 12420 12475 12171 12471 12459 12454 12248 12475
 12451 12456 12464 12483 12247     0 12456 12321] 
Iteration: 17 
Particle positions: [[ 125  133  195  136  190  129  290  144  184  133 -215  136  135  133
   138  122  227  138  120  171]] 
Fitness: [12483 12490 12463 12452 12463 12488 12247 12455 12464 12491 10884 12451
 12451 12490 12452 12480 12391 12453 12477 12459] 
Iteration: 18 
Particle positions: [[ 143  133  128  131  178  139  290  122  137  130 -300  122  131  118
   208  151  -17  130  117  190]] 
Fitness: [12455 12490 12486 12489 12463 12453 12247 12481 12452 12488 10001 12480
 12489 12475 12413     0 12143     0 12475 12464] 
Iteration: 19 
Particle positions: [[119 134 101 135  58 126  42 132 127 139 290 134 137 151 203 103 290 129
  153 143]] 
Fitness: [12475 12490 12448 12450 12363 12484 12364 12490 12486 12453 12247 12492
 12452     0 12459 12452 12248 12488 12457 12455] 
Object: 2 
Iteration: 0 
Particle positions: [[ 256  -17  273  -53  263   89  154  225  253 -191  -78  156  -85 -145
   -13 -129 -142  -75   63   64]] 
Fitness: [12519 12368 12461 12188 12496 12705 12755 12634 12527 10810 12004 12755
 11947 11368 12388 11537 11401 12027 12685 12688] 
Iteration: 1 
Particle positions: [[223  83  91  52 239 173 154 108 250  57  30 150  55  21  76 290 -98  49
   75 122]] 
Fitness: [12637 12732 12708 12652 12604 12747 12754 12730 12577 12668 12573 12756
 12662 12539 12717 12406 11836 12643 12716 12738] 
Iteration: 2 
Particle positions: [[118 214 -13 290 167 241 149   6 208 290 173 144 226 273 177 290   6 273
  219 217]] 
Fitness: [12737 12651 12387 12406 12751 12600 12754 12478 12658 12405 12748 12752
 12631 12461 12745 12406 12478 12462 12643 12645] 
Iteration: 3 
Particle positions: [[ 37  40  86 233  72  50 146 153 105 -44 251 150 259 290 212 290 286 290
  -56 123]] 
Fitness: [12601 12612 12737 12617 12709 12646 12754 12755 12727 12248 12574 12754
 12510 12405 12652 12406 12418 12404 12166 12740] 
Iteration: 4 
Particle positions: [[ 165  -27  189 -169  182  223  156  268   94   34  172  155  -22   41
   231  207 -109 -200  131   99]] 
Fitness: [12752 12312 12692 11077 12701 12636 12755 12480 12713 12589 12749 12755
 12339 12616 12622 12661 11735 10589 12743 12720] 
Iteration: 5 
Particle positions: [[ 238  108   88  -27  225  191  158  187  188  247   87  140    3 -135
   187   88 -158  290  287   96]] 
Fitness: [12606 12730 12742 12310 12634 12689 12754 12694 12693 12585 12740 12751
 12465 11475 12694 12742 11217 12406 12414 12716] 
Iteration: 6 
Particle positions: [[ -8 216  24 290  96  99 153  74  63 290 232 149  93 -29  92 114 290 290
  269 164]] 
Fitness: [12413 12646 12551 12406 12715 12719 12755 12713 12685 12405 12619 12753
 12712 12299 12711 12736 12406 12405 12475 12753] 
Iteration: 7 
Particle positions: [[-39  72 161 237 139  76 148 154  17 204 186 157 273 149 173 197 276 223
  174 199]] 
Fitness: [12280 12709 12754 12609 12751 12718 12754 12754 12524 12666 12696 12754
 12461 12755 12747 12679 12451 12635 12748 12677] 
Iteration: 8 
Particle positions: [[ 290   32  249 -143  195  290  152  209   56 -134   62  152  119  280
   225   69 -300   23   82  143]] 
Fitness: [12404 12581 12579 11388 12682 12406 12754 12656 12665 11486 12683 12754
 12738 12435 12633 12701  8796 12546 12730 12752] 
Iteration: 9 
Particle positions: [[ 259   97   94  290  147  139  156   91  265   66   34  141   46  236
   147  103 -207  -53  178  124]] 
Fitness: [12509 12718 12712 12406 12754 12750 12755 12709 12490 12693 12589 12751
 12633 12611 12755 12725 10623 12188 12705 12740] 
Iteration: 10 
Particle positions: [[ 95 140 182 145 118  47 144 192 128 245 126 155 168 -23  94 184 191 221
  227 160]] 
Fitness: [12715 12750 12701 12754 12737 12637 12752 12687 12741 12590 12740 12755
 12752 12333 12712 12698 12689 12640 12630 12754] 
Iteration: 11 
Particle positions: [[ 30 182 197  53 131 290 144 128  76   2 252 154 226  -3 134 198 290 -18
   80 166]] 
Fitness: [12572 12701 12679 12654 12743 12406 12752 12741 12717 12461 12570 12754
 12631 12438 12746 12677 12406 12361 12726 12752] 
Iteration: 12 
Particle positions: [[195 132 162 241 171  99 169 138 189 198 253 150 164 263 194  84  23 207
   28 162]] 
Fitness: [12683 12745 12754 12600 12749 12721 12750 12749 12692 12677     0 12755
 12753 12496 12685 12734 12547 12660 12565 12753] 
Iteration: 13 
Particle positions: [[ 171  127  131  226  134   60  154  163  133  176 -109  148  103   34
   122   40  200  270  133  153]] 
Fitness: [12750 12741 12744 12631 12747 12676 12755 12752 12746 12745 11735 12754
 12725 12589 12739 12612 12674 12472 12746 12755] 
Iteration: 14 
Particle positions: [[145 172 189 146 119  85 140 172 130 130 206 149 141 150 104  81 277 229
  249 142]] 
Fitness: [12753 12749 12691 12754 12738 12736 12751 12748 12744 12742 12662 12755
 12751 12754 12726 12728 12446 12625 12580 12751] 
Iteration: 15 
Particle positions: [[135 169 173 103 195 246 168 120 136 123 290 151 197 212 176 162 115  97
  124 149]] 
Fitness: [12749 12751 12749 12725 12683 12588 12751 12738 12748 12739 12406 12754
 12680 12652 12746 12754 12735 12717 12740 12755] 
Iteration: 16 
Particle positions: [[171 139 118 196 182 222 121 181 149 160 273 150  94 157 138 186  50 125
   89 155]] 
Fitness: [12750 12750 12737 12681 12701 12638 12740 12701 12754 12753 12461 12755
 12713 12754 12748 12695 12646 12740 12705 12754] 
Iteration: 17 
Particle positions: [[154 136 202 171 163  56 190 142 156 163 103 149 224 112 140 127 249 167
  185 155]] 
Fitness: [12755 12748 12670 12750 12753 12665 12690 12751 12755 12753 12725 12754
 12634 12734 12750 12740 12580 12751 12697 12754] 
Iteration: 18 
Particle positions: [[139 151 163 136 127 154 151 154 156 154 176 149 166 224 163 141 145 169
  191 154]] 
Fitness: [12750 12755 12754 12748 12741 12755 12755 12755 12754 12755 12745 12753
 12752 12635 12753 12750 12753 12750 12689 12755] 
Iteration: 19 
Particle positions: [[168 156 136 146 180 191 133 153 152 143 160 151 118 172 130 189 102 131
  112 147]] 
Fitness: [12751 12754 12749 12753 12703 12689 12746 12754 12754 12752 12755 12756
 12738 12749 12742 12692 12723 12744     0 12753] 
place side object: 1 
Object: 0 
Iteration: 0 
Particle positions: [[ 184 -270  -22 -122 -234 -261  -71  -55   54  -78  159  250 -209  282
   199   11  215  -79  -89  210]] 
Fitness: [12080  9543 11109 10501  9766  9616 10809 10907 11492 10767 11962 12289
  9925 12347 12097 11304 12154 10761 10700 12137] 
Iteration: 1 
Particle positions: [[290 290  28  57 290 228 290 290 153 192 222 290 290 282 210 290 290 290
  -71 221]] 
Fitness: [12376 12376 11349 11508 12376 12203 12376 12376 11938 12114 12177 12376
 12377 12346 12137 12376 12376 12377 10810 12174] 
Iteration: 2 
Particle positions: [[290 290 290 290 290 290 290 290 290 290 290 290 290 290 290 290 290 290
  290 270]] 
Fitness: [12377 12377 12376 12377 12376 12376 12376 12376 12376 12376 12376 12377
 12376 12376 12377 12376 12376 12376 12376 12305] 
Iteration: 3 
Particle positions: [[290 290 290 290 290 290 290 290 290 290 290 290 290 290 290 290 290 290
  290 290]] 
Fitness: [12377 12376 12376 12376 12377 12376 12376 12377 12376 12377 12376 12376
 12376 12377 12376 12376 12376 12376 12376 12377] 
Iteration: 4 
Particle positions: [[290 290 290 290 290 290 290 290 290 290 290 290 290 290 290 290 290 290
  290 290]] 
Fitness: [12376 12377 12376 12377 12377 12376 12376 12376 12376 12376 12376 12376
 12376 12376 12377 12376 12376 12376 12377 12376] 
Iteration: 5 
Particle positions: [[290 290 290 290 290 290 290 290 290 290 290 290 290 290 290 290 290 290
  290 290]] 
Fitness: [12376 12376 12376 12376 12376 12377 12376 12376 12377 12376 12376 12376
 12377 12376 12376 12376 12376 12376 12376 12376] 
Iteration: 6 
Particle positions: [[290 290 290 290 290 290 290 290 290 290 290 290 290 290 290 290 290 290
  290 290]] 
Fitness: [12377 12376 12376 12376 12376 12376 12376 12376 12376 12376 12376 12377
 12376 12376 12376 12376 12376 12376 12377 12376] 
Iteration: 7 
Particle positions: [[290 290 290 290 290 290 290 290 290 290 290 290 290 290 290 290 290 290
  290 290]] 
Fitness: [12377 12376 12376 12376 12376 12376 12376 12376 12376 12376 12376 12376
 12376 12376 12376 12377 12376 12377 12376 12376] 
Iteration: 8 
Particle positions: [[290 290 290 290 290 290 290 290 290 290 290 290 290 290 290 290 290 290
  290 290]] 
Fitness: [12376 12376 12375 12377 12376 12376 12377 12377 12377 12376 12377 12377
 12377 12377 12376 12376 12375 12376 12377 12377] 
Iteration: 9 
Particle positions: [[290 290 290 290 290 290 290 290 290 290 290 290 290 290 290 290 290 290
  290 290]] 
Fitness: [12376 12376 12376 12376 12376 12376 12377 12377 12376 12376 12377 12377
 12376 12376 12376 12376 12376 12376 12376 12377] 
Iteration: 10 
Particle positions: [[290 290 290 290 290 290 290 290 290 290 290 290 290 290 290 290 290 290
  290 290]] 
Fitness: [12377 12376 12376 12376 12376 12377 12377 12376 12376 12376 12377 12376
 12376 12376 12376 12376 12376 12376 12376 12376] 
Iteration: 11 
Particle positions: [[290 290 290 290 290 290 290 290 290 290 290 290 290 290 290 290 290 290
  290 290]] 
Fitness: [12376 12376 12376 12376 12376 12377 12377 12377 12377 12377 12376 12377
 12376 12377 12376 12376 12377 12376 12376 12376] 
Iteration: 12 
Particle positions: [[290 290 290 290 290 290 290 290 290 290 290 290 290 290 290 290 290 290
  290 290]] 
Fitness: [12376 12376 12376 12376 12376 12376 12376 12376 12376 12376 12376 12376
 12376 12376 12376 12376 12376 12376 12376 12376] 
Iteration: 13 
Particle positions: [[290 290 290 290 290 290 290 290 290 290 290 290 290 290 290 290 290 290
  290 290]] 
Fitness: [12376 12376 12377 12376 12375 12376 12376 12376 12376 12376 12376 12377
 12377 12376 12376 12376 12376 12376 12376 12376] 
Iteration: 14 
Particle positions: [[290 290 290 290 290 290 290 290 290 290 290 290 290 290 290 290 290 290
  290 290]] 
Fitness: [12376 12376 12377 12376 12376 12377 12376 12377 12376 12376 12376 12376
 12376 12376 12376 12376 12376 12376 12376 12376] 
Iteration: 15 
Particle positions: [[290 290 290 290 290 290 290 290 290 290 290 290 290 290 290 290 290 290
  290 290]] 
Fitness: [12377 12376 12377 12376 12377 12376 12377 12376 12376 12376 12377 12377
 12376 12376 12377 12376 12376 12376 12376 12377] 
Iteration: 16 
Particle positions: [[290 290 290 290 290 290 290 290 290 290 290 290 290 290 290 290 290 290
  290 290]] 
Fitness: [12376 12377 12376 12376 12377 12376 12376 12377 12376 12376 12376 12376
 12376 12376 12376 12376 12376 12376 12376 12376] 
Iteration: 17 
Particle positions: [[290 290 290 290 290 290 290 290 290 290 290 290 290 290 290 290 290 290
  290 290]] 
Fitness: [12376 12376 12376 12376 12376 12376 12376 12376 12376 12376 12377 12376
 12376 12376 12376 12376 12377 12376 12376 12376] 
Iteration: 18 
Particle positions: [[290 290 290 290 290 290 290 290 290 290 290 290 290 290 290 290 290 290
  290 290]] 
Fitness: [12376 12376 12376 12376 12376 12376 12376 12377 12377 12376 12376 12377
 12376 12376 12376 12376 12376 12376 12376 12376] 
Iteration: 19 
Particle positions: [[290 290 290 290 290 290 290 290 290 290 290 290 290 290 290 290 290 290
  290 290]] 
Fitness: [12376 12376 12376 12376 12376 12376 12376 12376 12376 12376 12377 12376
 12376 12376 12376 12377 12375 12376 12376 12376] 
Object: 1 
Iteration: 0 
Particle positions: [[ 259   43  205  264  289  193  198  -12  272  274    8  -34  -86  177
  -272   34  184 -173   38   -4]] 
Fitness: [12339 11735 12238 12303 12323 12212 12224 11443 12311 12313 11553 11314
 10981 12213  9471 11688 12233 10347 11708 11489] 
Iteration: 1 
Particle positions: [[258 115 284 257 238 236 290  32 255 264  10 290 189 290 290 290 210 260
  290 181]] 
Fitness: [12339 12009 12319 12337 12303 12299 12324 11677 12334 12302 11563 12324
 12246 12324 12325 12324 12247 12341 12324 12225] 
Iteration: 2 
Particle positions: [[261 185 290 256 259 290 290 235 244 266 290 290 290 290 290 290 290 290
  290 290]] 
Fitness: [12342 12235 12324 12335 12340 12323 12324 12297 12315 12305 12324 12323
 12324 12324 12324 12323 12324 12324 12324 12324] 
Iteration: 3 
Particle positions: [[263 290 290 257 278 290 290 290 239 282 290 290 290 290 290 290 290 290
  290 290]] 
Fitness: [12302 12324 12324 12337 12316 12323 12324 12324 12305 12319 12323 12324
 12324 12324 12324 12324 12324 12324 12324 12324] 
Iteration: 4 
Particle positions: [[258 290 248 265 247 290 290 290 246 266 290 290 290 290 290 290 290 290
  290 290]] 
Fitness: [12338 12324 12322 12303 12321 12324 12324 12324 12319 12305 12324 12324
 12324 12324 12324 12325 12324 12324 12323 12325] 
Iteration: 5 
Particle positions: [[260 290 281 268 241 290 289 290 261 271 290 290 290 264 290 290 286 290
  290 290]] 
Fitness: [12341 12323 12318 12308 12309 12324 12323 12324 12342 12310 12324 12323
 12324 12303 12324 12324 12320 12324 12325 12324] 
Iteration: 6 
Particle positions: [[264 290 290 251 256 263 253 286 273 285 290 290 290 245 290 290 259 278
  290 290]] 
Fitness: [12303 12324 12324 12328 12336 12302 12331 12320 12312 12320 12324 12324
 12324 12317 12324 12324 12339 12316 12324 12324] 
Iteration: 7 
Particle positions: [[265 274 259 252 269 271 240 251 256 257 290 290 260 290 290 281 242 218
  290 283]] 
Fitness: [12304 12312 12339 12329 12309 12310 12308 12328 12336 12337 12324 12324
 12341 12323 12324 12318 12312 12261 12323 12320] 
Iteration: 8 
Particle positions: [[258 270 237 279 257 281 255 245 262 237 272 290 239 290 290 248 272 290
  290 276]] 
Fitness: [12337 12309 12301 12316 12337 12317 12334 12317 12344 12301 12311 12324
 12305 12324 12324 12322 12311 12324 12324 12314] 
Iteration: 9 
Particle positions: [[267 273 279 264 256 279 274 274 266 284 244 290 254 270 290 286 277 290
  290 274]] 
Fitness: [12306 12312 12316 12302 12335 12317 12312 12312 12305 12319 12315 12323
 12333 12309 12324 12320 12315 12324 12324 12313] 
Iteration: 10 
Particle positions: [[264 283 281 249 259 264 236 230 266 278 288 236 278 272 280 290 248 251
  249 261]] 
Fitness: [12303 12319 12317 12324 12340 12303 12300 12286 12305 12316 12321 12299
 12316 12310 12316 12323 12323 12327 12324 12343] 
Iteration: 11 
Particle positions: [[256 258 238 277 261 256 273 260 254 255 290 290 277 290 265 255 239 259
  251 254]] 
Fitness: [12335 12338 12303 12315 12343 12336 12311 12341 12332 12334 12324 12323
 12315 12324 12304 12334 12305 12340 12328 12333] 
Iteration: 12 
Particle positions: [[258 250 230 243 263 262 262 282 255 249 243 290 242 256 256 239 270 268
  257 275]] 
Fitness: [12338 12326 12285 12313 12302 12343 12344 12318 12333 12325 12313 12324
 12311 12336 12336 12305 12310 12307 12337 12313] 
Iteration: 13 
Particle positions: [[266 271 290 255 263 266 255 257 267 259 262 243 268 242 259 266 282 250
  266 249]] 
Fitness: [12305 12310 12324 12334 12302 12305 12334 12336 12305 12339 12344 12313
 12308 12311 12339 12305 12318 12326 12305 12325] 
Iteration: 14 
Particle positions: [[262 266 227 276 257 261 269 251 261 269 273 277 263 290 266 271 242 260
  253 254]] 
Fitness: [12343 12304 12279 12315 12337 12342 12308 12327 12342 12308 12312 12315
 12301 12325 12305 12310 12311 12341 12331 12333] 
Iteration: 15 
Particle positions: [[260 248 290 271 258 260 265 256 261 271 246 290 258 238 259 260 263 267
  250 283]] 
Fitness: [12341 12323 12324 12310 12339 12341 12304 12336 12343 12310 12319 12324
 12339 12303 12339 12341 12302 12306 12326 12319] 
Iteration: 16 
Particle positions: [[261 274 273 231 270 262 257 266 264 245 257 258 258 253 258 254 269 258
  255 226]] 
Fitness: [12342 12313 12312 12288 12309 12343 12337 12305 12303 12317 12337 12338
 12338 12331 12338 12333 12308 12338 12333 12276] 
Iteration: 17 
Particle positions: [[263 277 232 279 258 263 266 259 261 263 271 248 264 277 262 272 250 262
  261 279]] 
Fitness: [12302 12315 12290 12316 12338 12302 12305 12340 12342 12302 12310 12323
 12303 12315 12343 12311 12326 12344 12342 12317] 
Iteration: 18 
Particle positions: [[260 242 241 243 262 261 260 260 262 262 267 256 258 247 264 262 271 264
  264 256]] 
Fitness: [12341 12312 12310 12313 12344 12343 12341 12341 12344 12344 12306 12336
 12338 12319 12303 12344 12310 12302 12302 12335] 
Iteration: 19 
Particle positions: [[263 276 290 256 263 262 260 260 262 261 261 264 258 250 261 257 246 261
  263 262]] 
Fitness: [12301 12315 12324 12335 12301 12344 12341 12342 12343 12342 12342 12303
 12338 12326 12342 12337 12319 12343 12302 12344] 
place side object: 2 
Object: 0 
Iteration: 0 
Particle positions: [[-158  -20 -223  280  191  258 -230  -28  -52 -203  156  -17 -237   -1
   269 -212   90   28 -298 -165]] 
Fitness: [ 9422 10240  9128 12085 11572 11946  9084 10192 10045  9191 11403 10260
  9043 10360 12016  9206 10954 10547  8845  9385] 
Iteration: 1 
Particle positions: [[  23  290  290  280  212  274  290  269  290   64  239  290 -108   17
   279 -170  290  190   22  290]] 
Fitness: [10515 12146 12146 12085 11713 12048 12145 12015 12146 10784 11835 12145
  9739 10476 12079  9350 12146 11566 10509 12145] 
Iteration: 2 
Particle positions: [[249 290 290 290 247 290 290 290 290 290 290 290 290  37 290 -48 290 290
  290 290]] 
Fitness: [11895 12145 12146 12145 11883 12146 12145 12146 12145 12146 12145 12146
 12145 10606 12145 10070 12145 12145 12146 12145] 
Iteration: 3 
Particle positions: [[290 290 290 290 290 290 290 290 290 290 290 290 290  94 290 290 290 290
  290 290]] 
Fitness: [12146 12145 12146 12145 12145 12145 12146 12145 12145 12145 12146 12145
 12146 10980 12146 12145 12145 12145 12144 12145] 
Iteration: 4 
Particle positions: [[290 290 290 290 290 290 290 290 290 290 290 290 290 290 290 290 290 290
  290 290]] 
Fitness: [12145 12145 12146 12145 12145 12146 12145 12145 12145 12145 12146 12146
 12146 12145 12145 12146 12145 12145 12145 12145] 
Iteration: 5 
Particle positions: [[290 290 290 290 290 290 290 290 290 290 290 290 290 290 290 290 290 290
  290 290]] 
Fitness: [12145 12145 12146 12146 12146 12146 12146 12145 12146 12145 12146 12145
 12145 12145 12146 12145 12145 12146 12146 12145] 
Iteration: 6 
Particle positions: [[290 290 290 290 290 290 290 290 290 290 290 290 290 290 290 290 290 290
  290 290]] 
Fitness: [12146 12146 12145 12145 12145 12145 12146 12146 12145 12145 12145 12145
 12145 12145 12146 12146 12146 12145 12145 12145] 
Iteration: 7 
Particle positions: [[290 290 290 290 290 290 290 290 290 290 290 290 290 290 290 290 290 290
  290 290]] 
Fitness: [12146 12146 12146 12146 12146 12146 12145 12145 12146 12145 12146 12145
 12145 12145 12146 12146 12146 12145 12145 12146] 
Iteration: 8 
Particle positions: [[290 290 290 290 290 290 290 290 290 290 290 290 290 290 290 290 290 290
  290 290]] 
Fitness: [12145 12146 12145 12146 12146 12146 12146 12146 12146 12146 12145 12146
 12146 12145 12145 12145 12145 12145 12146 12146] 
Iteration: 9 
Particle positions: [[290 290 290 290 290 290 290 290 290 290 290 290 290 290 290 290 290 290
  290 290]] 
Fitness: [12145 12146 12145 12145 12145 12146 12146 12146 12146 12146 12145 12145
 12146 12145 12145 12146 12146 12146 12146 12145] 
Iteration: 10 
Particle positions: [[290 290 290 290 290 290 290 290 290 290 290 290 290 290 290 290 290 290
  290 290]] 
Fitness: [12145 12145 12145 12146 12146 12146 12146 12145 12145 12145 12145 12145
 12146 12145 12145 12146 12146 12146 12146 12145] 
Iteration: 11 
Particle positions: [[290 290 290 290 290 290 290 290 290 290 290 290 290 290 290 290 290 290
  290 290]] 
Fitness: [12146 12146 12145 12145 12146 12146 12146 12145 12145 12145 12145 12145
 12145 12146 12145 12145 12145 12145 12145 12145] 
Iteration: 12 
Particle positions: [[290 290 290 290 290 290 290 290 290 290 290 290 290 290 290 290 290 290
  290 290]] 
Fitness: [12145 12145 12145 12146 12145 12145 12146 12145 12146 12145 12146 12145
 12145 12145 12146 12145 12145 12145 12145 12145] 
Iteration: 13 
Particle positions: [[290 290 290 290 290 290 290 290 290 290 290 290 290 290 290 290 290 290
  290 290]] 
Fitness: [12145 12145 12146 12145 12145 12145 12146 12145 12145 12145 12146 12146
 12145 12145 12145 12145 12146 12145 12146 12145] 
Iteration: 14 
Particle positions: [[290 290 290 290 290 290 290 290 290 290 290 290 290 290 290 290 290 290
  290 290]] 
Fitness: [12146 12145 12146 12145 12146 12146 12146 12145 12145 12145 12145 12145
 12145 12145 12146 12146 12145 12145 12145 12146] 
Iteration: 15 
Particle positions: [[290 290 290 290 290 290 290 290 290 290 290 290 290 290 290 290 290 290
  290 290]] 
Fitness: [12145 12145 12145 12145 12145 12146 12145 12145 12146 12146 12145 12145
 12146 12146 12145 12145 12145 12146 12145 12145] 
Iteration: 16 
Particle positions: [[290 290 290 290 290 290 290 290 290 290 290 290 290 290 290 290 290 290
  290 290]] 
Fitness: [12146 12145 12146 12146 12146 12146 12145 12146 12145 12145 12145 12146
 12145 12146 12146 12145 12145 12146 12146 12146] 
Iteration: 17 
Particle positions: [[290 290 290 290 290 290 290 290 290 290 290 290 290 290 290 290 290 290
  290 290]] 
Fitness: [12146 12146 12145 12145 12145 12145 12145 12145 12145 12146 12144 12145
 12145 12145 12146 12145 12145 12146 12145 12146] 
Iteration: 18 
Particle positions: [[290 290 290 290 290 290 290 290 290 290 290 290 290 290 290 290 290 290
  290 290]] 
Fitness: [12146 12145 12145 12145 12145 12145 12145 12145 12145 12146 12145 12145
 12146 12146 12146 12145 12146 12145 12146 12145] 
Iteration: 19 
Particle positions: [[290 290 290 290 290 290 290 290 290 290 290 290 290 290 290 290 290 290
  290 290]] 
Fitness: [12145 12146 12145 12145 12146 12146 12145 12145 12145 12146 12146 12146
 12146 12145 12146 12145 12146 12145 12146 12146] 
