Type: 0 
Bin: 0 
place side object: 0 
Object: 0 
Iteration: 0 
Particle positions: [[ 157   73 -176  234  -87  -24 -171  201   40 -273  284 -247 -264 -200
   156  219  -55 -283 -176   63]] 
Fitness: [ 7428  8772     0  6271 11145 10273 12040  6757  9306 12757  5610 12627
 12716 12267  7442  6486 10716 12798     0  8936] 
Iteration: 1 
Particle positions: [[-300 -141 -300 -300 -300 -300 -294 -300 -300 -285 -300 -286 -290 -300
    16 -300 -300 -284 -294 -173]] 
Fitness: [12859 11771 12859 12860 12860 12859 12840 12858 12859 12807 12860 12811
 12827 12859  9680 12859 12859 12802 12840 12055] 
Iteration: 2 
Particle positions: [[-300 -300 -300 -300 -300 -300 -300 -300 -300 -300 -300 -300 -300 -300
  -109 -300 -300 -285 -300 -300]] 
Fitness: [12859 12859 12859 12859 12860 12859 12859 12859 12859 12860 12859 12859
 12860 12859 11375 12859 12859 12807 12860 12858] 
Iteration: 3 
Particle positions: [[-300 -300 -300 -300 -300 -300 -300 -300 -300 -300 -300 -300 -300 -300
  -300 -300 -300 -300 -300 -300]] 
Fitness: [12859 12859 12860 12859 12859 12860 12860 12859 12859 12860 12859 12859
 12860 12859 12859 12860 12859 12859 12860 12860] 
Iteration: 4 
Particle positions: [[-300 -300 -300 -300 -300 -300 -300 -300 -300 -300 -300 -300 -300 -300
  -300 -300 -300 -300 -300 -300]] 
Fitness: [12859 12859 12859 12859 12859 12859 12858 12858 12858 12860 12859 12858
 12859 12860 12859 12859 12860 12860 12859 12860] 
Iteration: 5 
Particle positions: [[-300 -300 -300 -300 -300 -300 -300 -300 -300 -300 -300 -300 -300 -300
  -300 -300 -300 -300 -300 -300]] 
Fitness: [12860 12859 12860 12860 12860 12859 12859 12860 12860 12859 12860 12860
 12859 12860 12859 12860 12859 12860 12860 12859] 
Iteration: 6 
Particle positions: [[-300 -300 -300 -300 -300 -300 -300 -300 -300 -300 -300 -300 -300 -300
  -300 -300 -300 -300 -300 -300]] 
Fitness: [12859 12859 12860 12859 12859 12858 12859 12860 12860 12859 12860 12859
 12860 12859 12859 12859 12859 12859 12859 12859] 
Iteration: 7 
Particle positions: [[-300 -300 -300 -300 -300 -300 -300 -300 -300 -300 -300 -300 -300 -300
  -300 -300 -300 -300 -300 -300]] 
Fitness: [12859 12859 12858 12858 12859 12859 12859 12859 12859 12859 12859 12858
 12860 12860 12859 12860 12859 12858 12860 12859] 
Iteration: 8 
Particle positions: [[-300 -300 -300 -300 -300 -300 -300 -300 -300 -300 -300 -300 -300 -300
  -300 -300 -300 -300 -300 -300]] 
Fitness: [12859 12860 12860 12859 12860 12859 12859 12859 12860 12859 12860 12859
 12860 12860 12860 12859 12859 12860 12859 12859] 
Iteration: 9 
Particle positions: [[-300 -300 -300 -300 -300 -300 -300 -300 -300 -300 -300 -300 -300 -300
  -300 -300 -300 -300 -300 -300]] 
Fitness: [12859 12859 12860 12860 12858 12860 12859 12860 12859 12859 12859 12860
 12859 12859 12859 12859 12859 12859 12860 12860] 
Iteration: 10 
Particle positions: [[-300 -300 -300 -300 -300 -300 -300 -300 -300 -300 -300 -300 -300 -300
  -300 -300 -300 -300 -300 -300]] 
Fitness: [12859 12860 12859 12859 12859 12859 12859 12859 12860 12859 12859 12859
 12859 12858 12859 12860 12859 12859 12860 12859] 
Iteration: 11 
Particle positions: [[-300 -300 -300 -300 -300 -300 -300 -300 -300 -300 -300 -300 -300 -300
  -300 -300 -300 -300 -300 -300]] 
Fitness: [12859 12859 12860 12860 12859 12860 12859 12859 12859 12859 12860 12859
 12859 12859 12859 12859 12860 12859 12859 12859] 
Iteration: 12 
Particle positions: [[-300 -300 -300 -300 -300 -300 -300 -300 -300 -300 -300 -300 -300 -300
  -300 -300 -300 -300 -300 -300]] 
Fitness: [12859 12859 12860 12860 12860 12860 12859 12858 12858 12859 12860 12860
 12859 12859 12860 12859 12859 12859 12860 12860] 
Iteration: 13 
Particle positions: [[-300 -300 -300 -300 -300 -300 -300 -300 -300 -300 -300 -300 -300 -300
  -300 -300 -300 -300 -300 -300]] 
Fitness: [12859 12859 12859 12859 12859 12860 12860 12858 12860 12859 12859 12859
 12859 12859 12860 12859 12859 12859 12859 12859] 
Iteration: 14 
Particle positions: [[-300 -300 -300 -300 -300 -300 -300 -300 -300 -300 -300 -300 -300 -300
  -300 -300 -300 -300 -300 -300]] 
Fitness: [12859 12859 12859 12860 12859 12859 12858 12860 12859 12859 12859 12858
 12860 12859 12858 12860 12860 12860 12859 12859] 
Iteration: 15 
Particle positions: [[-300 -300 -300 -300 -300 -300 -300 -300 -300 -300 -300 -300 -300 -300
  -300 -300 -300 -300 -300 -300]] 
Fitness: [12859 12860 12860 12860 12859 12859 12858 12859 12860 12859 12859 12859
 12859 12859 12859 12860 12858 12859 12860 12859] 
Iteration: 16 
Particle positions: [[-300 -300 -300 -300 -300 -300 -300 -300 -300 -300 -300 -300 -300 -300
  -300 -300 -300 -300 -300 -300]] 
Fitness: [12859 12860 12860 12860 12859 12859 12859 12858 12860 12858 12859 12859
 12860 12860 12860 12859 12860 12860 12859 12860] 
Iteration: 17 
Particle positions: [[-300 -300 -300 -300 -300 -300 -300 -300 -300 -300 -300 -300 -300 -300
  -300 -300 -300 -300 -300 -300]] 
Fitness: [12859 12860 12860 12858 12859 12860 12859 12859 12860 12859 12860 12860
 12860 12859 12859 12859 12859 12860 12859 12860] 
Iteration: 18 
Particle positions: [[-300 -300 -300 -300 -300 -300 -300 -300 -300 -300 -300 -300 -300 -300
  -300 -300 -300 -300 -300 -300]] 
Fitness: [12859 12859 12859 12859 12859 12860 12860 12860 12859 12859 12860 12859
 12860 12860 12860 12860 12859 12860 12859 12859] 
Iteration: 19 
Particle positions: [[-300 -300 -300 -300 -300 -300 -300 -300 -300 -300 -300 -300 -300 -300
  -300 -300 -300 -300 -300 -300]] 
Fitness: [12859 12860 12860 12860 12859 12860 12860 12860 12859 12859 12860 12860
 12860 12860 12859 12859 12859 12859 12859 12859] 
Object: 1 
Iteration: 0 
Particle positions: [[ 247  268   57 -195 -136  239  -72   -9  273 -114 -188 -261  221  164
    22   31  -71  253   76   55]] 
Fitness: [ 6255  5948  9537 12691 12184  6376 11421 10586  5878 11954 12645 13066
  6666  7667 10108  9965 11407  6165  9216  9570] 
Iteration: 1 
Particle positions: [[-300 -300 -218 -237 -300 -300 -300 -298 -111 -206 -300 -260  159  -27
   -73 -300 -152    9 -300 -300]] 
Fitness: [13148 13147 12830 12933 13148 13148 13148 13146 11919 12759 13148 13064
  7757 10850 11435 13148 12370 10313 13148 13148] 
Iteration: 2 
Particle positions: [[-300 -300 -300 -300 -300 -300 -300 -300 -300 -300 -300 -300 -300 -300
  -300 -300 -300 -300 -300 -300]] 
Fitness: [13147 13146 13148 13147 13147 13148 13147 13148 13147 13148 13148 13149
 13148 13148 13148 13147 13148 13147 13148 13148] 
Iteration: 3 
Particle positions: [[-300 -300 -300 -300 -300 -300 -300 -300 -300 -300 -300 -300 -300 -300
  -300 -300 -300 -300 -300 -300]] 
Fitness: [13147 13147 13149 13148 13147 13148 13148 13148 13148 13148 13147 13148
 13148 13148 13147 13147 13147 13147 13148 13147] 
Iteration: 4 
Particle positions: [[-300 -300 -300 -300 -300 -300 -300 -300 -300 -300 -300 -300 -300 -300
  -300 -300 -300 -300 -300 -300]] 
Fitness: [13149 13147 13147 13147 13148 13148 13148 13148 13147 13147 13148 13147
 13148 13147 13147 13148 13148 13148 13148 13148] 
Iteration: 5 
Particle positions: [[-300 -300 -300 -300 -300 -300 -300 -300 -300 -300 -300 -300 -300 -300
  -300 -300 -300 -300 -300 -300]] 
Fitness: [13147 13148 13149 13147 13148 13147 13149 13148 13147 13148 13148 13147
 13148 13147 13148 13146 13147 13148 13148 13147] 
Iteration: 6 
Particle positions: [[-300 -300 -300 -300 -300 -300 -300 -300 -300 -300 -300 -300 -300 -300
  -300 -300 -300 -300 -300 -300]] 
Fitness: [13148 13149 13148 13148 13148 13148 13147 13147 13148 13147 13148 13149
 13148 13148 13148 13148 13147 13147 13148 13148] 
Iteration: 7 
Particle positions: [[-300 -300 -300 -300 -300 -300 -300 -300 -300 -300 -300 -300 -300 -300
  -300 -300 -300 -300 -300 -300]] 
Fitness: [13147 13147 13147 13147 13148 13148 13149 13147 13148 13148 13147 13148
 13147 13148 13147 13148 13147 13148 13147 13147] 
Iteration: 8 
Particle positions: [[-300 -300 -300 -300 -300 -300 -300 -300 -300 -300 -300 -300 -300 -300
  -300 -300 -300 -300 -300 -300]] 
Fitness: [13148 13148 13148 13147 13148 13147 13147 13148 13147 13148 13147 13147
 13147 13148 13147 13148 13148 13148 13147 13148] 
Iteration: 9 
Particle positions: [[-300 -300 -300 -300 -300 -300 -300 -300 -300 -300 -300 -300 -300 -300
  -300 -300 -300 -300 -300 -300]] 
Fitness: [13147 13148 13147 13147 13147 13148 13148 13147 13148 13147 13149 13148
 13147 13147 13148 13147 13148 13147 13148 13148] 
Iteration: 10 
Particle positions: [[-300 -300 -300 -300 -300 -300 -300 -300 -300 -300 -300 -300 -300 -300
  -300 -300 -300 -300 -300 -300]] 
Fitness: [13148 13148 13147 13149 13147 13148 13147 13148 13147 13147 13148 13147
 13148 13148 13147 13148 13147 13148 13148 13147] 
Iteration: 11 
Particle positions: [[-300 -300 -300 -300 -300 -300 -300 -300 -300 -300 -300 -300 -300 -300
  -300 -300 -300 -300 -300 -300]] 
Fitness: [13147 13147 13149 13147 13148 13148 13148 13148 13148 13148 13147 13147
 13147 13148 13148 13148 13148 13148 13147 13148] 
Iteration: 12 
Particle positions: [[-300 -300 -300 -300 -300 -300 -300 -300 -300 -300 -300 -300 -300 -300
  -300 -300 -300 -300 -300 -300]] 
Fitness: [13147 13148 13148 13147 13148 13148 13147 13147 13147 13148 13149 13149
 13148 13148 13148 13147 13148 13148 13147 13147] 
Iteration: 13 
Particle positions: [[-300 -300 -300 -300 -300 -300 -300 -300 -300 -300 -300 -300 -300 -300
  -300 -300 -300 -300 -300 -300]] 
Fitness: [13149 13147 13148 13148 13149 13146 13148 13147 13147 13148 13147 13149
 13148 13148 13148 13148 13147 13147 13147 13149] 
Iteration: 14 
Particle positions: [[-300 -300 -300 -300 -300 -300 -300 -300 -300 -300 -300 -300 -300 -300
  -300 -300 -300 -300 -300 -300]] 
Fitness: [13147 13148 13148 13148 13148 13148 13147 13149 13147 13147 13148 13148
 13148 13148 13148 13148 13148 13147 13148 13148] 
Iteration: 15 
Particle positions: [[-300 -300 -300 -300 -300 -300 -300 -300 -300 -300 -300 -300 -300 -300
  -300 -300 -300 -300 -300 -300]] 
Fitness: [13148 13148 13149 13148 13148 13148 13148 13148 13147 13148 13147 13148
 13148 13147 13148 13148 13148 13147 13148 13148] 
Iteration: 16 
Particle positions: [[-300 -300 -300 -300 -300 -300 -300 -300 -300 -300 -300 -300 -300 -300
  -300 -300 -300 -300 -300 -300]] 
Fitness: [13147 13147 13148 13147 13148 13147 13147 13147 13148 13148 13147 13147
 13147 13149 13148 13147 13147 13147 13148 13148] 
Iteration: 17 
Particle positions: [[-300 -300 -300 -300 -300 -300 -300 -300 -300 -300 -300 -300 -300 -300
  -300 -300 -300 -300 -300 -300]] 
Fitness: [13147 13147 13149 13148 13148 13147 13148 13147 13147 13147 13148 13148
 13146 13147 13147 13148 13147 13147 13148 13148] 
Iteration: 18 
Particle positions: [[-300 -300 -300 -300 -300 -300 -300 -300 -300 -300 -300 -300 -300 -300
  -300 -300 -300 -300 -300 -300]] 
Fitness: [13148 13148 13148 13147 13147 13147 13147 13149 13147 13147 13149 13147
 13147 13148 13147 13148 13147 13148 13148 13147] 
Iteration: 19 
Particle positions: [[-300 -300 -300 -300 -300 -300 -300 -300 -300 -300 -300 -300 -300 -300
  -300 -300 -300 -300 -300 -300]] 
Fitness: [13148 13148 13148 13147 13148 13147 13147 13149 13148 13148 13147 13148
 13147 13148 13148 13148 13148 13148 13149 13148] 
Object: 2 
Iteration: 0 
Particle positions: [[ -39  122 -166  185 -257 -146  265   63   27   70 -251 -161   58  209
   -95  -62  -18   87   93 -199]] 
Fitness: [11446  8916 12807  7760 13090 12632  6324  9942 10530  9827 13090 12738
 10024  7314 12145 11748 11152  9538  9432 12974] 
Iteration: 1 
Particle positions: [[-300 -173 -228 -300 -256 -196 -300 -300 -300   34 -258 -300   54 -300
  -300 -300 -255 -157 -300 -300]] 
Fitness: [13034 12849 13054 13034 13091 12960 13035 13033 13034 10418 13091 13035
 10089 13034 13035 13034 13091 12712 13034 13035] 
Iteration: 2 
Particle positions: [[-300 -300 -300 -300 -255 -296 -300 -300 -300  -79 -260 -300 -267 -300
  -300 -300 -300 -300 -300 -300]] 
Fitness: [13034 13033 13035 13034 13090 13050 13035 13034 13034 11957 13089 13035
 13086 13034 13035 13035 13035 13035 13034 13035] 
Iteration: 3 
Particle positions: [[-300 -300 -187 -300 -258 -300 -300 -300 -300 -180 -256 -296 -300 -300
  -300 -300 -300 -300 -300 -287]] 
Fitness: [13034 13033 12921 13036 13089 13034 13036 13035 13034 12887 13091 13050
 13035 13034 13035 13035 13036 13034 13035 13082] 
Iteration: 4 
Particle positions: [[-300 -300 -194 -300 -254 -300 -300 -300 -300 -300 -252 -216 -300 -300
  -300 -300 -198 -300 -300 -254]] 
Fitness: [13035 13034 12953 13034 13090 13033 13035 13034 13035 13034 13090 13028
 13035 13034 13035 13034 12968 13035 13036 13090] 
Iteration: 5 
Particle positions: [[-269 -300 -300 -300 -252 -260 -300 -300 -300 -300 -265 -217 -279 -300
  -300 -284 -228 -295 -300 -231]] 
Fitness: [13083 13034 13035 13034 13090 13090 13034 13034 13035 13034 13086 13032
 13102 13034 13035 13090 13055 13054 13035 13062] 
Iteration: 6 
Particle positions: [[-258 -300 -300 -300 -299 -266 -300 -300 -300 -300 -287 -300 -263 -300
  -300 -268 -300 -260 -300 -300]] 
Fitness: [13091 13034 13034 13035 13038 13086 13035 13035 13034 13034 13081 13034
 13089 13035 13035 13084 13035 13090 13035 13034] 
Iteration: 7 
Particle positions: [[-273 -300 -223 -300 -286 -282 -300 -300 -300 -300 -241 -300 -299 -300
  -300 -266 -253 -255 -300 -262]] 
Fitness: [13111 13034 13045 13035 13083 13095 13034 13035 13034 13035 13079 13034
 13038 13035 13034 13087 13090 13089 13035 13089] 
Iteration: 8 
Particle positions: [[-284 -300 -209 -300 -243 -276 -300 -262 -261 -266 -283 -300 -242 -300
  -300 -297 -224 -271 -300 -236]] 
Fitness: [13090 13034 13007 13033 13083 13107 13034 13089 13090 13086 13092 13033
 13081 13033 13035 13047 13047 13081 13034 13071] 
Iteration: 9 
Particle positions: [[-258 -269 -271 -299 -243 -266 -300 -256 -245 -253 -300 -300 -251 -300
  -287 -263 -300 -280 -300 -248]] 
Fitness: [13091 13081 13082 13039 13082 13086 13035 13090 13085 13091 13034 13034
 13090 13035 13082 13088 13034 13099 13035 13087] 
Iteration: 10 
Particle positions: [[-251 -250 -300 -267 -279 -275 -299 -284 -283 -277 -255 -250 -300 -277
  -260 -281 -273 -273 -260 -288]] 
Fitness: [13089 13089 13034 13086 13102 13109 13038 13089 13094 13105 13092 13088
 13035 13107 13091 13097 13112 13112 13092 13079] 
Iteration: 11 
Particle positions: [[-294 -239 -263 -250 -296 -277 -283 -272 -300 -291 -256 -238 -290 -258
  -263 -292 -256 -268 -244 -270]] 
Fitness: [13058 13077 13089 13089 13051 13106 13094 13113 13035 13068 13090 13074
 13073 13090 13089 13066 13091 13085 13083 13082] 
Iteration: 12 
Particle positions: [[-252 -247 -252 -240 -260 -272 -256 -264 -290 -249 -300 -299 -252 -267
  -270 -253 -269 -275 -262 -239]] 
Fitness: [13089 13086 13088 13078 13090 13113 13091 13088 13073 13088 13035 13038
 13089 13086 13081 13090 13084 13110 13090 13077] 
Iteration: 13 
Particle positions: [[-249 -293 -277 -300 -284 -269 -300 -273 -242 -275 -300 -269 -300 -281
  -257 -260 -282 -275 -271 -275]] 
Fitness: [13089 13063 13105 13035 13090 13082 13034 13111 13081 13111 13034 13082
 13033 13097 13091 13090 13095 13108 13081 13109] 
Iteration: 14 
Particle positions: [[-300 -270 -282 -255 -289 -272 -277 -275 -300 -284 -278 -253 -272 -267
  -277 -273 -273 -266 -260 -290]] 
Fitness: [13035 13082 13094 13089 13077 13114 13106 13109 13035 13090     0 13089
 13113 13085 13105 13113 13111 13087 13090 13073] 
Iteration: 15 
Particle positions: [[-287 -253 -270 -240 -267 -274 -259 -269 -300 -260 -262 -247 -256 -271
  -285 -280 -266 -282 -268 -262]] 
Fitness: [13082 13088 13081 13078 13085 13111 13091 13084 13035 13090 13091 13086
 13091 13082 13087 13100 13086 13094 13084 13090] 
Iteration: 16 
Particle positions: [[-263 -248 -274 -278 -281 -272 -293 -270 -242 -269 -275 -279 -279 -281
  -268 -274 -275 -265 -259 -252]] 
Fitness: [13088 13087 13110 13110 13097 13113 13062 13081 13081 13083 13109 13101
 13101 13098 13084 13110 13110 13087 13091 13089] 
Iteration: 17 
Particle positions: [[-272 -296 -273 -294 -277 -271 -270 -274 -300 -275 -277 -291 -273 -267
  -275 -267 -276 -274 -277 -272]] 
Fitness: [13113 13051 13111 13059 13105 13081 13082 13110 13033 13109 13104 13068
 13111 13085 13109 13085 13107 13110 13107 13113] 
Iteration: 18 
Particle positions: [[-276 -244 -271 -238 -270 -272 -269 -274 -300 -274 -272 -263 -268 -271
  -277 -277 -273 -274 -283 -281]] 
Fitness: [13108 13084 13081 13074 13082 13113 13083 13110 13034 13111 13113 13090
 13084 13081 13106 13104 13112 13111 13092 13097] 
Iteration: 19 
Particle positions: [[-270 -262 -272 -297 -281 -272 -285 -273 -286 -273 -269 -280 -271 -286
  -274 -270 -271 -270 -266 -278]] 
Fitness: [13082 13090 13113 13047 13099 13114 13088 13112 13084 13112 13082 13100
 13081 13085 13109 13082 13081 13083 13087     0] 
place side object: 1 
Object: 0 
Iteration: 0 
Particle positions: [[-123  109  287 -203 -240 -216   25  -85  263 -109  121    4  262  -46
   130 -219 -280 -106 -109 -266]] 
Fitness: [11847  9047  6505 12409 12577 12468 10247 11528  6847 11731  8877 10528
  6861 11160  8748 12485 12732 11705 11731 12698] 
Iteration: 1 
Particle positions: [[-223 -300 -300 -300 -276 -300 -183 -300 -300 -118   75 -300  227 -300
  -300 -297 -279 -300 -211 -271]] 
Fitness: [12503 12761 12762 12762 12724 12761 12304 12761 12761 11806  9542 12761
  7364 12761 12761 12758 12729 12762 12447 12711] 
Iteration: 2 
Particle positions: [[-300 -300 -300 -300 -300 -300 -300 -300 -300 -300 -164 -300  104 -300
  -300 -300 -299 -300 -300 -275]] 
Fitness: [12761 12761 12761 12761 12761 12762 12761 12761 12761 12761 12189 12761
  9118 12760 12762 12761 12759 12762 12761 12721] 
Iteration: 3 
Particle positions: [[-300 -300 -300 -300 -300 -300 -300 -300 -300 -300 -300 -300 -262 -300
  -300 -300 -300 -300 -300 -300]] 
Fitness: [12761 12761 12761 12761 12761 12761 12760 12761 12762 12761 12761 12761
 12651 12761 12760 12762 12761 12762 12760 12761] 
Iteration: 4 
Particle positions: [[-300 -300 -300 -300 -300 -300 -300 -300 -300 -300 -300 -300 -300 -300
  -300 -300 -300 -300 -300 -300]] 
Fitness: [12761 12761 12761 12761 12761 12761 12761 12761 12762 12761 12760 12760
 12761 12761 12761 12761 12761 12761 12761 12760] 
Iteration: 5 
Particle positions: [[-300 -300 -300 -300 -300 -300 -300 -300 -300 -300 -300 -300 -300 -300
  -300 -300 -300 -300 -300 -300]] 
Fitness: [12761 12761 12761 12761 12761 12761 12761 12761 12761 12761 12760 12761
 12761 12761 12761 12762 12760 12760 12762 12762] 
Iteration: 6 
Particle positions: [[-300 -300 -300 -300 -300 -300 -300 -300 -300 -300 -300 -300 -300 -300
  -300 -300 -300 -300 -300 -300]] 
Fitness: [12761 12761 12761 12761 12761 12761 12761 12762 12761 12762 12761 12761
 12761 12761 12761 12761 12761 12760 12761 12761] 
Iteration: 7 
Particle positions: [[-300 -300 -300 -300 -300 -300 -300 -300 -300 -300 -300 -300 -300 -300
  -300 -300 -300 -300 -300 -300]] 
Fitness: [12761 12761 12761 12761 12760 12761 12762 12760 12761 12761 12761 12761
 12761 12762 12762 12761 12761 12761 12761 12760] 
Iteration: 8 
Particle positions: [[-300 -300 -300 -300 -300 -300 -300 -300 -300 -300 -300 -300 -300 -300
  -300 -300 -300 -300 -300 -300]] 
Fitness: [12760 12761 12761 12760 12761 12761 12761 12761 12761 12761 12761 12761
 12761 12760 12761 12761 12762 12762 12761 12761] 
Iteration: 9 
Particle positions: [[-300 -300 -300 -300 -300 -300 -300 -300 -300 -300 -300 -300 -300 -300
  -300 -300 -300 -300 -300 -300]] 
Fitness: [12761 12760 12761 12761 12760 12761 12761 12761 12761 12761 12760 12760
 12760 12760 12761 12762 12761 12761 12761 12761] 
Iteration: 10 
Particle positions: [[-300 -300 -300 -300 -300 -300 -300 -300 -300 -300 -300 -300 -300 -300
  -300 -300 -300 -300 -300 -300]] 
Fitness: [12761 12761 12761 12761 12760 12761 12762 12760 12761 12761 12761 12761
 12760 12761 12761 12761 12761 12761 12761 12761] 
Iteration: 11 
Particle positions: [[-300 -300 -300 -300 -300 -300 -300 -300 -300 -300 -300 -300 -300 -300
  -300 -300 -300 -300 -300 -300]] 
Fitness: [12761 12760 12760 12761 12761 12762 12761 12761 12761 12761 12761 12761
 12761 12761 12761 12762 12762 12760 12761 12761] 
Iteration: 12 
Particle positions: [[-300 -300 -300 -300 -300 -300 -300 -300 -300 -300 -300 -300 -300 -300
  -300 -300 -300 -300 -300 -300]] 
Fitness: [12761 12761 12761 12761 12762 12760 12761 12761 12762 12762 12761 12761
 12760 12760 12761 12761 12760 12761 12761 12761] 
Iteration: 13 
Particle positions: [[-300 -300 -300 -300 -300 -300 -300 -300 -300 -300 -300 -300 -300 -300
  -300 -300 -300 -300 -300 -300]] 
Fitness: [12761 12761 12761 12761 12760 12760 12761 12761 12761 12760 12761 12762
 12762 12761 12760 12761 12761 12761 12762 12760] 
Iteration: 14 
Particle positions: [[-300 -300 -300 -300 -300 -300 -300 -300 -300 -300 -300 -300 -300 -300
  -300 -300 -300 -300 -300 -300]] 
Fitness: [12760 12760 12760 12761 12761 12762 12761 12761 12761 12761 12761 12761
 12762 12761 12761 12761 12760 12760 12762 12760] 
Iteration: 15 
Particle positions: [[-300 -300 -300 -300 -300 -300 -300 -300 -300 -300 -300 -300 -300 -300
  -300 -300 -300 -300 -300 -300]] 
Fitness: [12761 12761 12761 12761 12761 12762 12761 12761 12760 12760 12761 12761
 12762 12762 12762 12761 12761 12761 12760 12761] 
Iteration: 16 
Particle positions: [[-300 -300 -300 -300 -300 -300 -300 -300 -300 -300 -300 -300 -300 -300
  -300 -300 -300 -300 -300 -300]] 
Fitness: [12761 12761 12761 12760 12760 12761 12761 12762 12761 12760 12762 12761
 12761 12761 12760 12760 12761 12761 12761 12760] 
Iteration: 17 
Particle positions: [[-300 -300 -300 -300 -300 -300 -300 -300 -300 -300 -300 -300 -300 -300
  -300 -300 -300 -300 -300 -300]] 
Fitness: [12761 12761 12761 12761 12761 12761 12761 12761 12762 12760 12760 12761
 12761 12762 12761 12760 12761 12762 12760 12762] 
Iteration: 18 
Particle positions: [[-300 -300 -300 -300 -300 -300 -300 -300 -300 -300 -300 -300 -300 -300
  -300 -300 -300 -300 -300 -300]] 
Fitness: [12761 12761 12760 12761 12762 12761 12760 12760 12761 12762 12761 12761
 12761 12761 12761 12761 12760 12761 12761 12761] 
Iteration: 19 
Particle positions: [[-300 -300 -300 -300 -300 -300 -300 -300 -300 -300 -300 -300 -300 -300
  -300 -300 -300 -300 -300 -300]] 
Fitness: [12761 12760 12760 12760 12761 12761 12760 12761 12760 12760 12761 12760
 12761 12760 12761 12762 12761 12761 12761 12761] 
Object: 1 
Iteration: 0 
Particle positions: [[-294  171   55  232 -166 -180   17  139 -208  -24  134  283  -35  195
  -141 -146 -224  247  106  131]] 
Fitness: [13072  8508 10350  7491 12706 12782 10891  9041 12903 11385  9124  6693
 11524  8103 12509 12543 12954  7253  9575  9172] 
Iteration: 1 
Particle positions: [[-294 -300 -141 -300 -171 -300 -300 -300 -265 -198 -300  -41 -213 -300
  -171 -300 -300 -300 -300 -300]] 
Fitness: [13072 13065 12509 13064 12735 13065 13064 13066 13037 12864 13065 11598
 12920 13065 12734 13065 13065 13065 13064 13065] 
Iteration: 2 
Particle positions: [[-294 -300 -300 -300 -189 -300 -300 -300 -300 -300 -300 -300 -300 -300
  -300 -300 -300 -300 -300 -300]] 
Fitness: [13072 13064 13065 13064 12825 13065 13064 13064 13064 13065 13066 13065
 13064 13065 13065 13065 13064 13065 13066 13065] 
Iteration: 3 
Particle positions: [[-295 -300 -300 -300 -300 -300 -300 -300 -300 -300 -300 -300 -300 -300
  -300 -300 -300 -300 -300 -300]] 
Fitness: [13072 13065 13065 13065 13065 13065 13065 13066 13066 13064 13065 13066
 13064 13065 13065 13065 13065 13065 13066 13065] 
Iteration: 4 
Particle positions: [[-295 -300 -300 -300 -300 -300 -300 -300 -300 -300 -300 -300 -300 -300
  -300 -300 -300 -300 -300 -300]] 
Fitness: [13070 13064 13065 13065 13066 13065 13064 13065 13065 13065 13065 13065
 13066 13064 13064 13065 13065 13065 13065 13064] 
Iteration: 5 
Particle positions: [[-294 -300 -300 -300 -300 -300 -300 -300 -300 -300 -300 -300 -300 -300
  -300 -300 -300 -300 -300 -300]] 
Fitness: [13072 13065 13065 13065 13065 13065 13066 13064 13065 13065 13065 13065
 13065 13065 13065 13065 13064 13066 13064 13065] 
Iteration: 6 
Particle positions: [[-294 -300 -300 -300 -300 -300 -300 -300 -300 -300 -300 -300 -300 -300
  -300 -300 -300 -300 -300 -300]] 
Fitness: [13071 13065 13065 13065 13064 13065 13065 13065 13065 13065 13065 13065
 13064 13065 13065 13064 13065 13065 13065 13065] 
Iteration: 7 
Particle positions: [[-295 -300 -300 -300 -300 -300 -300 -300 -300 -300 -300 -300 -300 -300
  -300 -300 -300 -300 -300 -300]] 
Fitness: [13071 13065 13065 13064 13065 13065 13065 13064 13064 13063 13065 13064
 13067 13065 13065 13065 13065 13064 13065 13065] 
Iteration: 8 
Particle positions: [[-295 -300 -300 -300 -300 -300 -300 -300 -298 -300 -300 -300 -300 -300
  -300 -300 -298 -300 -300 -300]] 
Fitness: [13071 13065 13065 13065 13064 13064 13065 13065 13068 13063 13065 13065
 13065 13065 13066 13065 13067 13065 13064 13064] 
Iteration: 9 
Particle positions: [[-293 -300 -300 -300 -300 -300 -300 -300 -294 -300 -300 -300 -300 -300
  -300 -300 -294 -300 -300 -300]] 
Fitness: [13072 13065 13064 13064 13065 13064 13065 13065 13072 13065 13065 13064
 13065 13064 13065 13065 13072 13065 13065 13064] 
Iteration: 10 
Particle positions: [[-293 -300 -300 -300 -300 -299 -300 -300 -291 -300 -300 -300 -300 -300
  -298 -300 -292 -300 -300 -300]] 
Fitness: [13073 13064 13065 13065 13064 13066 13065 13064 13074 13063 13065 13065
 13065 13065 13068 13064 13073 13064 13065 13066] 
Iteration: 11 
Particle positions: [[-289 -300 -300 -300 -299 -296 -300 -300 -289 -300 -300 -300 -296 -300
  -287 -290 -289 -300 -300 -300]] 
Fitness: [13075 13064 13064 13066 13067 13070 13065 13065 13075 13065 13064 13064
 13069 13065 13076 13076 13077 13065 13065 13064] 
Iteration: 12 
Particle positions: [[-287 -300 -300 -300 -294 -283 -291 -290 -288 -281 -286 -289 -284 -300
  -280 -283 -287 -300 -296 -300]] 
Fitness: [13076 13065 13065 13065 13072 13045 13074 13076 13076 13044 13077 13075
 13077 13065 13045 13044 13076 13066 13069 13065] 
Iteration: 13 
Particle positions: [[-286 -280 -292 -300 -288 -278 -283 -283 -287 -300 -281 -282 -284 -290
  -286 -287 -292 -300 -292 -300]] 
Fitness: [13076 13043 13072 13065 13075 13043 13044 13045 13076 13065 13044 13045
 13078 13075 13076 13076 13072 13065 13072 13065] 
Iteration: 14 
Particle positions: [[-284 -293 -287 -277 -281 -276 -282 -292 -287 -300 -285 -293 -284 -274
  -290 -288 -277 -274 -280 -294]] 
Fitness: [13077 13072 13076 13044 13044 13044 13045 13073 13076 13065 13077 13073
 13078 13043 13075 13076 13043 13043 13045 13071] 
Iteration: 15 
Particle positions: [[-283 -298 -280 -300 -287 -300 -286 -290 -286 -300 -286 -280 -284 -300
  -282 -285 -290 -279 -286 -278]] 
Fitness: [13043 13067 13044 13065 13077 13065 13076 13074 13076 13064 13076 13044
 13077 13066 13045 13077 13075 13045 13077 13043] 
Iteration: 16 
Particle positions: [[-283 -287 -281 -300 -287 -300 -286 -278 -284 -276 -286 -289 -284 -300
  -285 -282 -294 -300 -287 -287]] 
Fitness: [13043 13076 13044 13064 13076 13064 13077 13044 13078 13044 13077 13076
 13078 13064 13077 13045 13072 13066 13076 13076] 
Iteration: 17 
Particle positions: [[-286 -276 -299 -285 -282 -279 -284 -300 -283 -275 -284 -290 -284 -300
  -285 -284 -281 -291 -284 -287]] 
Fitness: [13077 13044 13066 13078 13045 13045 13077 13065 13045 13043 13078 13074
 13077 13065 13077 13078 13043 13075 13078 13076] 
Iteration: 18 
Particle positions: [[-283 -285 -286 -276 -284 -282 -284 -298 -283 -300 -283 -284 -284 -284
  -283 -285 -289 -280 -282 -285]] 
Fitness: [13044 13077 13077 13044 13078 13044 13077 13068 13045 13063 13044 13078
 13078 13079 13045 13078 13075 13044 13045 13077] 
Iteration: 19 
Particle positions: [[-284 -287 -280 -288 -284 -300 -287 -283 -286 -300 -285 -281 -284 -277
  -285 -282 -285 -284 -287 -283]] 
Fitness: [13077 13076 13044 13076 13078 13066 13076 13044 13077 13064 13077 13044
 13077 13044 13078 13044 13078 13078 13076 13045] 
place side object: 2 
Object: 0 
Iteration: 0 
Particle positions: [[-107  230  -88  -81 -167  -28  -83 -292  117 -214  -52 -273   60  279
  -192 -111  244  169    9 -253]] 
Fitness: [11874  8246 11758 11712 12183 11257 11725 12449  9661 12377 11453 12453
 10377  7596 12317 11897  8064  9022 10936 12437] 
Iteration: 1 
Particle positions: [[-293 -300 -300 -137 -200 -300 -121 -255 -300 -295  -63 -273 -300 -300
  -300 -276  -49   68  -34 -283]] 
Fitness: [12450 12443 12443 12039 12341 12444 11950 12439 12444 12448 11586 12452
 12444 12443 12444 12453 11430 10279 11308 12453] 
Iteration: 2 
Particle positions: [[-300 -300 -300 -300 -300 -300 -271 -287 -300 -300 -300 -274 -300 -300
  -300 -300 -300 -300 -300 -300]] 
Fitness: [12444 12443 12443 12444 12443 12444 12451 12451 12443 12444 12443 12452
 12444 12443 12444 12443 12444 12443 12444 12444] 
Iteration: 3 
Particle positions: [[-300 -300 -300 -300 -300 -300 -300 -289 -300 -300 -300 -274 -300 -300
  -300 -300 -300 -300 -300 -300]] 
Fitness: [12443 12444 12443 12444 12443 12444 12444 12451 12444 12443 12444 12452
 12443 12444 12445 12444 12444 12445 12444 12444] 
Iteration: 4 
Particle positions: [[-297 -300 -300 -300 -300 -300 -300 -271 -300 -300 -300 -273 -300 -300
  -300 -274 -300 -300 -300 -278]] 
Fitness: [12446 12442 12444 12443 12443 12443 12444 12452 12442 12444 12443 12452
 12444 12444 12444 12452 12444 12444 12443 12453] 
Iteration: 5 
Particle positions: [[-287 -300 -300 -300 -287 -300 -274 -259 -300 -285 -300 -273 -300 -300
  -299 -254 -300 -300 -300 -257]] 
Fitness: [12452 12444 12443 12443 12451 12444 12452 12443 12444 12452 12444 12452
 12444 12444 12443 12438 12443 12443 12444 12440] 
Iteration: 6 
Particle positions: [[-274 -300 -300 -300 -252 -276 -254 -281 -300 -255 -300 -275 -300 -300
  -278 -277 -300 -300 -300 -258]] 
Fitness: [12452 12444 12444 12443 12436 12453 12439 12453 12444 12439 12443 12452
 12443 12444 12453 12453 12444 12443 12443 12442] 
Iteration: 7 
Particle positions: [[-277 -300 -300 -285 -243 -256 -298 -290 -300 -293 -288 -276 -300 -300
  -255 -287 -300 -300 -300 -299]] 
Fitness: [12453 12444 12443 12452 12426 12440 12445 12450 12442 12449 12451 12452
 12444 12445 12439 12451 12444 12444 12444 12444] 
Iteration: 8 
Particle positions: [[-277 -300 -293 -255 -282 -259 -262 -253 -300 -278 -259 -272 -300 -300
  -283 -270 -272 -300 -300 -300]] 
Fitness: [12453 12444 12450 12439 12452 12443 12446 12437 12444 12452 12443 12451
 12443 12444 12453 12451 12451 12443 12443 12443] 
Iteration: 9 
Particle positions: [[-276 -286 -254 -300 -297 -300 -268 -280 -292 -276 -296 -273 -278 -300
  -291 -266 -255 -290 -284 -285]] 
Fitness: [12452 12451 12438 12443 12446 12443 12450 12453 12450 12452 12447 12452
 12454 12443 12450 12448 12440 12451 12452 12453] 
Iteration: 10 
Particle positions: [[-279 -272 -275 -293 -269 -276 -294 -296 -261 -280 -299 -281 -263 -281
  -289 -284 -278 -278 -267 -265]] 
Fitness: [12453 12450 12453 12450 12450 12453 12448 12446 12445 12453 12445 12454
 12447 12453 12451 12453 12452 12453 12449 12449] 
Iteration: 11 
Particle positions: [[-280 -296 -290 -246 -282 -261 -297 -264 -261 -280 -261 -285 -276 -268
  -277 -290 -293 -270 -300 -288]] 
Fitness: [12453 12447 12450 12429 12453 12446 12446 12448 12444 12453 12445 12453
 12452 12450 12453 12451 12449 12451 12443 12450] 
Iteration: 12 
Particle positions: [[-275 -264 -273 -246 -286 -260 -234 -286 -295 -276 -287 -273 -288 -279
  -271 -269 -252 -284 -275 -292]] 
Fitness: [12452 12448 12452 12430 12451 12445 12414 12452 12447 12453 12452 12452
 12452 12452 12451 12451 12436 12453 12453 12449] 
Iteration: 13 
Particle positions: [[-274 -265 -273 -273 -277 -300 -235 -282 -300 -277 -293 -287 -267 -285
  -285 -264 -282 -280 -263 -276]] 
Fitness: [12453 12448 12452 12452 12452 12444 12416 12454 12443 12453 12449 12452
 12449 12452 12453 12448 12453 12453 12447 12452] 
Iteration: 14 
Particle positions: [[-283 -300 -279 -295 -277 -274 -300 -274 -282 -279 -280 -279 -267 -273
  -285 -288 -295 -273 -274 -278]] 
Fitness: [12453 12444 12453 12447 12453 12452 12444 12452 12453 12452 12453 12453
 12449 12452 12452 12451 12448 12452 12452 12453] 
Iteration: 15 
Particle positions: [[-276 -273 -273 -291 -281 -264 -300 -283 -266 -280 -268 -278 -286 -279
  -280 -271 -273 -283 -287 -280]] 
Fitness: [12452 12452 12451 12450 12454 12448 12444 12453 12449 12453 12450 12453
 12451 12452 12453 12451 12453 12453 12451 12452] 
Iteration: 16 
Particle positions: [[-276 -262 -271 -264 -282 -298 -271 -287 -300 -280 -268 -281 -283 -282
  -273 -272 -262 -277 -275 -280]] 
Fitness: [12452 12446 12452 12447 12452 12446 12451 12452 12443 12453 12451 12453
 12453 12453 12452 12452 12445 12453 12452 12453] 
Iteration: 17 
Particle positions: [[-280 -278 -277 -273 -278 -250 -273 -277 -294 -279 -300 -280 -272 -276
  -287 -280 -297 -275 -271 -279]] 
Fitness: [12453 12452 12454 12453 12453 12434 12452 12453 12448 12453 12443 12453
 12451 12452 12452 12453 12446 12452 12451 12453] 
Iteration: 18 
Particle positions: [[-279 -283 -280 -286 -276 -271 -284 -282 -270 -278 -300 -276 -281 -279
  -276 -274 -275 -282 -280 -282]] 
Fitness: [12453 12453 12453 12452 12452 12450 12453 12453 12451 12452 12444 12453
 12453 12452 12452 12453 12453 12452 12453 12453] 
Iteration: 19 
Particle positions: [[-278 -281 -279 -283 -280 -291 -288 -281 -282 -280 -272 -277 -280 -280
  -274 -276 -269 -279 -277 -282]] 
Fitness: [12453 12453 12453 12453 12453 12450 12452 12454 12453 12453 12451 12453
 12453 12453 12451 12453 12451 12453 12453 12453] 
Type: 1 
Bin: 0 
place side object: 0 
Object: 0 
Iteration: 0 
Particle positions: [[-150  -50  288 -236   85  139 -153   49 -184   47    6 -213    1  125
   244  180  265   92  236  -90]] 
Fitness: [11083 11594 12303 10538 12081 12188 11065 12017 10872 12010 11842 10686
 11820 12201 12271 12273 12280 12104 12308 11434] 
Iteration: 1 
Particle positions: [[ 47 101 235 276 240 290 164  53 146 249  19 290  93 290 240 245 263 152
  235 -53]] 
Fitness: [12009 12133 12307 12294 12312 12303 12239 12031 12200 12275 11900 12303
 12107 12304 12313 12272 12277 12210 12307 11629] 
Iteration: 2 
Particle positions: [[290 290 190 290 290 290 290 290 290 290  85 290 290 290 236 280 244 233
  235 290]] 
Fitness: [12304 12303 12246 12303 12304 12304 12303 12303 12303 12304 12082 12304
 12303 12303 12308 12298 12271 12305 12307 12303] 
Iteration: 3 
Particle positions: [[290 290 290 290 290 266 290 290 290 290 279 290 290 290 244 269 246 290
  241 290]] 
Fitness: [12303 12303 12303 12304 12303 12282 12303 12303 12303 12304 12296 12302
 12303 12303 12271 12286 12273 12303 12314 12303] 
Iteration: 4 
Particle positions: [[290 290 290 290 262 241 290 290 290 290 290 290 290 290 244 232 279 225
  245 290]] 
Fitness: [12304 12303 12303 12303 12277 12312 12304 12303 12303 12303 12303 12303
 12303 12303 12271 12304 12296 12293 12271 12303] 
Iteration: 5 
Particle positions: [[290 256 211 290 211 221 290 290 290 244 290 290 290 219 238 206 287 175
  234 290]] 
Fitness: [12303 12277 12268 12302 12268 18323 12303 12303 12303 12271 12303 12303
 12303 12283 12310 12264 12302 12264 12306 12302] 
Iteration: 6 
Particle positions: [[290 250 182 290 216 206 215 290 278 171 284 290 290 171 234 238 196 257
  224 290]] 
Fitness: [12303 12276 12278 12303 12277 12264 12275 12303 12296 12256 12301 12303
 12303 12255 12307 12311 12254 12277 12291 12303] 
Iteration: 7 
Particle positions: [[290 246 196 290 250 235 276 234 186 290 233 290 229 290 213 262 179 225
  248 182]] 
Fitness: [12303 12272 12254 12303 12275 12307 12294 12306 12284 12303 12305 12303
 12299 12303 12272 12277 12272 12294 12274 12277] 
Iteration: 8 
Particle positions: [[278 285 235 290 257 250 290 173 289 290 175 290 225 290 254 194 227 198
  251 290]] 
Fitness: [12296 12301 12307 12303 12277 12275 12303 12259 12302 12304 12264 12303
 12294 12303 12277 12251 12297 12256 12276 12303] 
Iteration: 9 
Particle positions: [[205 219 251 212 187 216 275 153 290 275 234 211 290 252 206 193 290 234
  186 276]] 
Fitness: [12264 12283 12276 12268 12287 12277 12293 12212 12304 12293 12306 12268
 12304 12277 12264 12250 12303 12305 12284 12294] 
Iteration: 10 
Particle positions: [[290 176 206 203 241 204 209 278 290 260 273 290 290 177 217 264 253 251
  274 192]] 
Fitness: [12303 12265 12264 12262 12313 12263 12267 12296 12303 12277 12291 12303
 12303 12267 12279 12279 12276 12276 12293 12249] 
Iteration: 11 
Particle positions: [[290 290 236 278 260 221 210 290 239 200 233 290 267 247 254 236 195 217
  290 161]] 
Fitness: [12303 12303 12309 12296 12277 12287 12268 12303 12269 12259 12305 12303
 12283 12273 12277 12307 12253 12279 12304 12231] 
Iteration: 12 
Particle positions: [[265 290 243 254 230 231 290 284 230 178 189 290 253 290 270 216 186 224
  261 149]] 
Fitness: [12280 12304 12315 12277 12301 12302 12303 12301 12300 12270 12289 12303
 12276 12303 12288 12276 12285 12292 12278 12206] 
Iteration: 13 
Particle positions: [[230 280 220 206 213 222 279  80 290 290 239 184 219 266 209 226 237 243
  152 290]] 
Fitness: [12301 12298 12285 12265 12270 12288 12297 12068 12304 12304 12267 12281
 12283 12282 12266 12295 12309 12315 12210 12303] 
Iteration: 14 
Particle positions: [[290 268 219 290 252 215 244 228 290 290 248 144 203 250 239 246 241 212
  278 290]] 
Fitness: [12303 12285 12283 12303 12276 12275 12271 12298 12304 12302 12274 12197
 12262 12275 12266 12273 12313 12269 12296 12303] 
Iteration: 15 
Particle positions: [[216 255 231 233 205 228 269 290 230 290 209 255 232 260 234 250 230 208
  290 285]] 
Fitness: [12277 12277 12302 12305 12264 12297 12286 12303 12300 12303 12266 12276
 12303 12277 12305 12275 12301 12266 12303 12301] 
Iteration: 16 
Particle positions: [[253 286 244 201 246 215 267 151 199 279 198 290 290 252 232 206 229 290
  122 210]] 
Fitness: [12276 12302 12272 12260 12273 12275 12283 12209 12258 12296 12257 12303
 12303 12276 12304 12265 12300 12303 12194 12267] 
Iteration: 17 
Particle positions: [[252 201 246 232 232 231 225 244 234 250 275 256 279 288 223 189 231 259
  290 290]] 
Fitness: [12276 12260 12272 12303 12303 12302 12293 12271 12305 12275 12293 12277
 12297 12303 12290 12289 12302 12278 12303 12303] 
Iteration: 18 
Particle positions: [[254 263 233 233 227 220 290 251 242 232 253 232 245 214 222 290 230 214
  271 290]] 
Fitness: [12276 12277 12305 12305 12296 12285 12304 12276 12314 12304 12276 12304
 12272 12273 12288 12303 12301 12273 12288 12303] 
Iteration: 19 
Particle positions: [[220 278 232 232 244 218 245 208 234 226 165 277 253 198 241 272 239 227
  146 238]] 
Fitness: [12285 12296 12304 12304 12271 12281 12272 12266 12306 12295 12242 12296
 12276 12257 12313 12290 12265 12297 12200 12310] 
Object: 1 
Iteration: 0 
Particle positions: [[ -96   18 -282 -128   -1 -274 -224  106   -3 -112 -109 -135  178   -7
  -107  221  -98   -4  -48  -54]] 
Fitness: [11671 12172 10156 11468 12148 10192 10700 12390 12140 11572 11592 11420
 12406 12124 11604 12345 11659 12137 11935 11904] 
Iteration: 1 
Particle positions: [[ 290  136 -146  127   74   94  -69  125  290  269  -91  180  178  142
   218  151  224  111   53  216]] 
Fitness: [12217 12376 11342 12371 12327 12370 11823 12370 12217 12245 11700 12406
 12406 12380 12346 12390 12345 12355 12271 12345] 
Iteration: 2 
Particle positions: [[290 243  87 290 207 290 290 232 290 290 290 290 178 282 290 142 290 257
  290 290]] 
Fitness: [12217 12331 12357 12217 12349 12217 12217 12340 12217 12217 12217 12216
 12405 12228 12217 12380 12217 12344 12217 12217] 
Iteration: 3 
Particle positions: [[290  75 290 212 290 210 290 154 290 290 290 290 178  57 290 194 283 233
  290 272]] 
Fitness: [12217 12329 12217 12345 12217 12347 12217 12393 12217 12217 12217 12217
 12405 12281 12217 12359 12227 12340 12217 12239] 
Iteration: 4 
Particle positions: [[ 269  180   78  116  259    7  290  102  277  281  290  249  179   89
   239  149   58  -47 -187   38]] 
Fitness: [12244 12405 12337 12360 12264 12178 12217 12385 12234 12229 12217 12279
 12405 12362 12334 12388 12284 11940 11028 12234] 
Iteration: 5 
Particle positions: [[  79  261  -50  163  104    0  290  279  235  114  144   89  178  150
   118  125  168  258 -300  212]] 
Fitness: [12339 12261 11924 12400 12388 12152 12217 12232 12338 12359 12383 12361
 12404 12390 12363 12370 12402 12266  9920 12346] 
Iteration: 6 
Particle positions: [[120 231  81 225  -6 104 276 136 167  77  58 269 178 227  32 151 254 161
  222 290]] 
Fitness: [12365 12341 12344 12344 12128 12388 12235 12377 12402 12335 12283 12245
 12405 12343 12217 12390 12272 12399 12345 12217] 
Iteration: 7 
Particle positions: [[239 154 251 146 128 290 192 108 133 289 141 256 178  89 -15 188 158 120
  290  22]] 
Fitness: [12335 12393 12277 12385 12373 12217 12360 12392 12375 12218 12378 12269
 12405 12361 12091 12361 12396 12365 12217 12185] 
Iteration: 8 
Particle positions: [[245 180 125 156 267  83 117 246 177 196 264 129 178 132 107 157 102 168
  290 290]] 
Fitness: [12329 12405 12369 12395 12248 12348 12361 12327 12404 12358 12254 12372
 12406 12375 12392 12395 12385 12403 12217 12217] 
Iteration: 9 
Particle positions: [[ 90 195 130 213   5  78 128 183 210  -9 176 168 179 176 290 155 235 211
  212 287]] 
Fitness: [12364 12358 12373 12346 12171 12337 12372 12405 12346 12117 12405 12403
 12406 12405 12217 12394 12338 12346 12346 12221] 
Iteration: 10 
Particle positions: [[152 182 179 184  -5 175 224 138 144 290 118 217 177 207 282 195 148 170
  126  51]] 
Fitness: [12392 12405 12406 12362 12132 12405 12345 12378 12382 12217 12364 12345
 12406 12349 12227 12359 12387 12403 12371 12268] 
Iteration: 11 
Particle positions: [[212 169 210 159 270 240 145 192 173 290 107 147 176 152 -73 174 146 143
  158  92]] 
Fitness: [12346 12403 12346 12398 12242 12334 12383 12360 12405 12217 12392 12386
 12405 12392 11801 12405 12385 12380 12396 12366] 
Iteration: 12 
Particle positions: [[113 192 142 156 222 170 112 207 191 183 184 179 182 131 -49 168 211 175
  192 132]] 
Fitness: [12357 12360 12379 12395 12345 12403 12356 12349 12361 12404 12362 12405
 12405 12374 11929 12403 12345 12405 12360 12374] 
Iteration: 13 
Particle positions: [[233 174 158 182 -46 150 232 141 180 112 215 197 179 197 290 191 178 199
  157 182]] 
Fitness: [12339 12404 12396 12406 11945 12389 12340 12378 12405 12356 12346 12357
 12405 12358 12217 12360 12406 12356 12396 12406] 
Iteration: 14 
Particle positions: [[203 176 206 194  46 180 136 192 158 290 155 176 176 174 229 169 159 175
  161 209]] 
Fitness: [12353 12405 12351 12359 12254 12405 12376 12360 12396 12217 12394 12404
 12405 12404 12342 12403 12398 12405 12399 12347] 
Iteration: 15 
Particle positions: [[ 73 179 139 164 284 188 132 197 178 123 155 174 177 164  23 171 206 163
  179 184]] 
Fitness: [12325 12406 12377 12401 12225 12361 12374 12357 12405 12367 12394 12405
 12405 12400 12189 12403 12350 12400 12406 12362] 
Iteration: 16 
Particle positions: [[108 179 170 177  79 159 211 168 186  93 226 177 180 202 153 187 185 187
  187 167]] 
Fitness: [12393 12405 12403 12406 12340 12397 12346 12403 12362 12369 12344 12405
 12405 12353 12393 12362 12362 12362 12363 12402] 
Iteration: 17 
Particle positions: [[182 177 202 185 150 157 191 181 166 290 156 183 178 209 264 169 166 185
  181 202]] 
Fitness: [12405 12405 12353 12362 12390 12396 12360 12406 12401 12217 12395 12406
 12405 12347 12255 12403 12401 12363 12406 12354] 
Iteration: 18 
Particle positions: [[211 180 163 174 207 162 167 182 179  58 140 177 177 114 101 170 189 156
  169 167]] 
Fitness: [12345 12406 12400 12404 12350 12400 12403 12405 12406 12284 12378 12406
 12405 12359 12383 12404 12361 12395 12403 12402] 
Iteration: 19 
Particle positions: [[173 178 199 185 136 182 173 174 184 285 235 180 180 272 160 181 182 192
  194 178]] 
Fitness: [12404 12405 12355 12363 12377 12405 12404 12405 12363 12224 12338 12405
 12405 12238 12398 12405 12405 12360 12360 12405] 
Object: 2 
Iteration: 0 
Particle positions: [[ 276  252   70  240  182  -80  289  228   77  121  240 -258  240  233
   167 -210  140 -112   34 -204]] 
Fitness: [12401 12464 12603 12500 12629 11906 12360 12569 12616 12680 12499  9751
 12499 12516 12645 10513 12692 11635 12539 10610] 
Iteration: 1 
Particle positions: [[ 169   52   91   74  119    5  145  101  194  133  172  290  106   52
   156  284  141  -31   36 -158]] 
Fitness: [12643 12597 12639 12612 12679 12420 12693 12652 12620 12689 12641 12358
 12661 12598 12652 12377 12692 12233 12545 11209] 
Iteration: 2 
Particle positions: [[ 47  -5 216   5 102 196  19  20 272 158  64 290   9 -93 139 290 140  95
   72 252]] 
Fitness: [12583 12371 12592 12419 12654 12617 12482 12485 12412 12651 12589 12358
 12438 11802 12691 12357 12692 12645 12607 12464] 
Iteration: 3 
Particle positions: [[132 145  48 163 163 290 290  84  73 151 106 290  48 290 133 290 145 278
  189 290]] 
Fitness: [12689 12693 12585 12648 12648 12357 12358 12629 12609 12653 12662 12357
 12585 12357 12689 12358 12693 12394 12623 12358] 
Iteration: 4 
Particle positions: [[210 268  24 269 184 175 149 160  59 128 150 142 233 290 136 161 149 184
  269 126]] 
Fitness: [12600 12422 12501 12420 12626 12637 12693 12648 12577 12686 12692 12693
 12516 12358 12691 12651 12692 12625 12420 12685] 
Iteration: 5 
Particle positions: [[ 103   81   70  137   83   45   34  174  220  144  180   28  266 -216
   148   33  144  -48   12   17]] 
Fitness: [12656 12624 12602 12691 12628 12575 12538 12640 12585 12692 12631 12516
 12427 10419 12693 12536 12693 12131 12451 12473] 
Iteration: 6 
Particle positions: [[107 105 161  40  51  22  61  87 192 158 107 134 145 -38 153 141 143 268
   10 192]] 
Fitness: [12662 12659 12649 12560 12594 12493 12582 12633 12621 12651 12662 12690
 12693 12192 12653 12693 12694 12423 12441 12620] 
Iteration: 7 
Particle positions: [[204 196 205 222 224 290 205  59 148 154  70 226  51 290 144 223 142  73
  234 107]] 
Fitness: [13004 12617 12722 12581 12577 12357 12722 12577 12694 12652 12602 12573
 12594 12358 12693 12580 12693 12608 12513 12662] 
Iteration: 8 
Particle positions: [[274 271 235 235 188 241 290  79 182 212 170 227 290 290 197 139 159 -18
  290 205]] 
Fitness: [12406 12415 12512 12511 12622 12496 12357 12620 12628 12599 12642 12572
 12357 12358 12616 12692 12650 12302 12358 12723] 
Iteration: 9 
Particle positions: [[197  93 196  22  54 179 235 211 195 241 201 202 165  35 227 134 196  72
  245 272]] 
Fitness: [12617 12643 12617 12493 12602 12633 12511 12600 12619 12496 12564 13155
 12646 12543 12571 12690 12617 12607 12486 12412] 
Iteration: 10 
Particle positions: [[159  96 189 206  50 139 131 142 168 180 195 185 121 -57  65 164 198 190
  131  96]] 
Fitness: [12650 12645 12623 12592 12591 12692 12687 12692 12644 12631 12619 12625
 12680 12073 12593 12647 12616 12622 12688 12645] 
Iteration: 11 
Particle positions: [[265 290 222 188  57 201 276 188 193 127 150 211 172 199 100 168  95 161
   83 290]] 
Fitness: [12429 12358 12581 12623 12572 12563 12401 12624 12620 12684 12693 12600
 12640 12614 12651 12643 12644 12649 12628 12357] 
Iteration: 12 
Particle positions: [[196 207 207 113 147 173 215 179 172 226 131 204 177 290 288 160 147 180
  173 257]] 
Fitness: [12617 12819 12820 12672 12693 12639 12594 12632 12640 12573 12688 13005
 12635 12357 12364 12650 12692 12631 12639 12448] 
Iteration: 13 
Particle positions: [[173 153 189 237 202 166 138 121 165 241 267 196 173 109 232 180 213 191
  250 162]] 
Fitness: [12639 12653 12623 12506 12611 12646 12691 12681 12647 12496 12424 12618
 12640 12666 12519 12632 12597 12621 12470 12648] 
Iteration: 14 
Particle positions: [[246 240 198 199 204 163 181 269 159 226 161 200 146  69 103 157 143 189
   52 149]] 
Fitness: [12482 12499 12616 16123 13005 12648 12630 12419 12650 12573 12650 13736
 12692 12600 12657 12651 12692 12623 12597 12693] 
Iteration: 15 
Particle positions: [[192 195 215 178 200 207 231 222 204  24 152 201 227 139 104 201 149 153
  226 244]] 
Fitness: [12620 12618 12593 12634 13735 12820 12521 12581 12610 12502 12654 12567
 12571 12692 12658 12566 12693 12652 12573 12489] 
Iteration: 16 
Particle positions: [[193 190 199 209 197 220 200   6 170 148 162 197 167 179 290 136 224 151
  290 192]] 
Fitness: [12621 12623 16123 12603 12616 12585 13735 12423 12642 12693 12649 12617
 12644 12633 12356 12691 12577 12654 12357 12621] 
Iteration: 17 
Particle positions: [[212 218 191 201 197 199 184 290 181 253 208 197 139 162 261 160 147 176
  -29 190]] 
Fitness: [12598 12588 12622 12565 12616 16123 12626 12358 12630 12462 13601 12616
 12692 12648 12439 12650 12693 12637 12244 12623] 
Iteration: 18 
Particle positions: [[190 204 212 194 201 189 182 290 134 251 220 206 150 148   9 171 172 158
   80 217]] 
Fitness: [12622 13006 12598 12618 12566 12623 12629 12357 12690 12467 12584 12594
 12692 12692 12437 12642 12641 12650 12622 12590] 
Iteration: 19 
Particle positions: [[221 198 195 205 201 196 231  80 178  61 183 188 180 163 138 166 211 206
  290 205]] 
Fitness: [12583 12616 12618 12724 12566 12618 12521 12622 12635 12580 12626 12623
 12632 12649 12692 12647 12599 12593 12358 12724] 
place side object: 1 
Object: 0 
Iteration: 0 
Particle positions: [[  60 -190  280 -230  172 -148 -115  154  192 -177  230  201   41 -214
   189 -224  -95    8  116 -183]] 
Fitness: [11449  9957 12328  9737 11977 10208 10405 11890 12015 10035 12182 12050
 11336  9828 12002  9776 10588 11151 11700  9999] 
Iteration: 1 
Particle positions: [[ 66 290 279 -95 290 117 118 290 290 290 240 290 290  79 290 290 228 290
  290  45]] 
Fitness: [11483 12318 12324 10588 12318 11705 11710 12318 12318 12318     0 12318
 12318 11558 12317 12318 12174 12317 12318 11360] 
Iteration: 2 
Particle positions: [[207 290 279 198 290 290 290 290 290 290 233 290 290 290 290 290 290 290
  290 246]] 
Fitness: [12079 12317 12323 12038 12317 12318 12318 12318 12317 12318 12194 12318
 12318 12318 12318 12317 12318 12318 12317 12196] 
Iteration: 3 
Particle positions: [[290 290 282 290 290 290 290 290 290 290 290 290 290 290 290 290 290 290
  290 290]] 
Fitness: [12318 12318 12335 12318 12318 12317 12317 12317 12317 12318 12318 12317
 12317 12318 12318 12318 12318 12318 12318 12317] 
Iteration: 4 
Particle positions: [[290 290 284 290 290 290 290 290 290 290 290 290 290 290 290 290 290 290
  290 290]] 
Fitness: [12318 12318 12342 12317 12317 12317 12318 12317 12318 12318 12317 12317
 12318 12318 12317 12317 12317 12317 12317 12318] 
Iteration: 5 
Particle positions: [[290 290 286 290 290 290 290 290 290 290 290 290 290 290 290 290 290 290
  290 290]] 
Fitness: [12318 12318 12349 12317 12317 12318 12318 12318 12319 12318 12318 12317
 12318 12318 12318 12318 12317 12318 12318 12317] 
Iteration: 6 
Particle positions: [[290 290 287 290 290 290 290 290 290 290 290 290 290 290 290 290 290 290
  290 290]] 
Fitness: [12317 12317 12308 12317 12317 12318 12317 12318 12318 12318 12317 12318
 12318 12317 12317 12318 12317 12318 12318 12317] 
Iteration: 7 
Particle positions: [[290 290 287 290 290 290 290 290 290 290 290 290 290 290 290 290 290 290
  290 290]] 
Fitness: [12318 12318 12308 12317 12317 12317 12318 12317 12318 12318 12317 12318
 12318 12317 12317 12317 12317 12318 12317 12318] 
Iteration: 8 
Particle positions: [[290 290 284 290 290 290 290 290 289 290 290 290 290 290 290 290 290 290
  290 290]] 
Fitness: [12318 12317 12342 12317 12318 12318 12317 12317 12314 12318 12318 12317
 12318 12317 12317 12318 12317 12318 12318 12318] 
Iteration: 9 
Particle positions: [[290 290 287 290 290 290 290 290 285 290 290 290 290 290 286 290 290 290
  290 290]] 
Fitness: [12318 12318 12307 12317 12318 12317 12317 12317 12346 12318 12318 12318
 12318 12317 12349 12318 12317 12317 12318 12317] 
Iteration: 10 
Particle positions: [[290 290 287 290 290 290 290 290 284 290 284 288 290 290 283 290 290 290
  290 290]] 
Fitness: [12317 12317 12307 12318 12318 12318 12317 12318 12342 12318 12342 12312
 12318 12317 12338 12318 12318 12317 12318 12318] 
Iteration: 11 
Particle positions: [[290 290 284 290 286 290 290 290 287 290 283 289 290 290 288 290 290 290
  290 290]] 
Fitness: [12319 12317 12342 12318 12349 12317 12317 12317 12307 12317 12338 12315
 12318 12318 12311 12317 12318 12318 12318 12317] 
Iteration: 12 
Particle positions: [[289 290 287 290 283 290 287 285 287 290 286 288 290 290 285 290 286 288
  284 290]] 
Fitness: [12315 12317 12307 12317 12338 12318 12307 12345 12307 12318 12349 12311
 12318 12318 12345 12317 12349 12311 12342 12318] 
Iteration: 13 
Particle positions: [[287 290 288 290 284 290 287 284 285 290 288 287 284 290 285 290 284 289
  283 287]] 
Fitness: [12308 12318 12311 12318 12342 12318 12308 12341 12346 12318 12311 12308
 12342 12318 12345 12318 12342 12314 12338 12308] 
Iteration: 14 
Particle positions: [[287 287 281 289 289 290 289 286 285 289 285 287 284 290 286 287 285 290
  286 286]] 
Fitness: [12307 12308 12331 12314 12314 12317 12314 12349 12345 12314 12345 12308
 12342 12318 12349 12308 12345 12319 12349 12349] 
Iteration: 15 
Particle positions: [[288 287 286 288 285 289 287 287 286 286 285 289 287 286 286 285 288 284
  287 285]] 
Fitness: [12311 12308 12349 12310 12346 12314 12308 12308 12349 12349 12346 12315
 12308 12349 12349 12345 12311 12342 12307 12345] 
Iteration: 16 
Particle positions: [[286 289 289 287 286 284 285 284 287 284 287 289 284 283 286 285 284 284
  286 285]] 
Fitness: [12349 12314 12315 12307 12349 12342 12346 12342 12307 12342 12307 12315
 12341 12339 12349 12345 12342 12342 12349 12345] 
Iteration: 17 
Particle positions: [[285 289 283 289 286 283 286 289 285 285 287 290 285 289 286 285 285 284
  285 286]] 
Fitness: [12346 12314 12339 12314 12349 12338 12349 12314 12346 12346 12307 12318
 12346 12315 12349 12345 12345 12342 12346 12350] 
Iteration: 18 
Particle positions: [[287 288 288 288 286 288 286 288 285 287 284 289 285 290 286 286 288 284
  285 286]] 
Fitness: [12307 12311 12311 12311 12349 12311 12349 12311 12346 12307 12342 12315
 12345 12318 12349 12350 12312 12342 12346 12349] 
Iteration: 19 
Particle positions: [[285 289 285 286 286 284 286 286 287 285 290 290 286 283 286 286 283 285
  288 286]] 
Fitness: [12345 12315 12346 12349 12349 12342 12349 12349 12308 12345 12318 12318
 12348 12339 12349 12349 12339 12345 12311 12348] 
Object: 2 
Iteration: 0 
Particle positions: [[ 193 -268   -6  -95 -241 -147 -293  -14 -271  -46 -221 -240   42 -248
  -106  131  166  123   21  138]] 
Fitness: [12422  8788 11651 10954  9260 10439  8248 11598  8721 11367  9528  9280
 11932  9124 10851 12275 12360 12248 11817 12294] 
Iteration: 1 
Particle positions: [[ 192 -246   15  137  290  230  -73  290  290   -5  -26  285   84  290
   -94  182  185  261  261  159]] 
Fitness: [12420  9164 11782 12292 12442 12425 11149 12441 12441 11658 11515 12443
 12142 12440 10962 12400 12406 12439 12439 12346] 
Iteration: 2 
Particle positions: [[290 290 290 290 290 290 290 290 290 116 290 290 190 290 242 290 217 290
  290 225]] 
Fitness: [12441 12441 12441 12441 12441 12442 12441 12441 12441 12268 12441 12441
 12416 12441 12430 12441 12456 12441 12442 12423] 
Iteration: 3 
Particle positions: [[290 290 290 290 290 290 290 290 290 222 290 290 290 290 290 290 244 290
  290 279]] 
Fitness: [12441 12440 12440 12441 12441 12441 12441 12440 12441 12420 12441 12442
 12442 12441 12441 12441 12431 12441 12441 12444] 
Iteration: 4 
Particle positions: [[290 290 290 290 290 290 290 290 290 290 290 290 290 290 290 290 203 227
  290 290]] 
Fitness: [12441 12442 12442 12441 12441 12441 12441 12441 12441 12441 12442 12441
 12441 12441 12442 12441 12439 12424 12440 12441] 
Iteration: 5 
Particle positions: [[157 290 290 266 290 290 290 227 290 232 290 290 199 290 290 290 179 194
  183 169]] 
Fitness: [12342 12441 12442 12441 12441 12440 12441 12425 12441 12427 12441 12441
 12433 12441 12441 12441 12394 12424 12402 12368] 
Iteration: 6 
Particle positions: [[199 290 276 160 290 253 290 218 290 201 290 255 290 290 290 211 256 290
  260 205]] 
Fitness: [12433 12441 12444 12350 12442 12433 12442 12416 12441 12437 12440 12435
 12441 12442 12442 12450 12436 12442 12438 12443] 
Iteration: 7 
Particle positions: [[290 245 198 193 290 223 290 223 281 255 290 205 240 290 196 161 262 290
  290 290]] 
Fitness: [12442 12430 12431 12423 12441 12421 12441 12420 12444 12435 12441 12442
 12430 12441 12429 12352 12440 12442 12442 12441] 
Iteration: 8 
Particle positions: [[290 252 241 290 287 201 232 290 221 239 290 255 265 290 290 279 239 186
  218 290]] 
Fitness: [12442 12433 12430 12441 12443 12436 12427 12441 12420 12430 12441 12436
 12441 12441 12442 12444 12429 12409 12415 12441] 
Iteration: 9 
Particle positions: [[290 262 290 290 228 191 218 290 228 240 280 259 254 285 290 203 192 175
  271 195]] 
Fitness: [12441 12439 12441 12442 12425 12419 12417 12441 12425 12431 12445 12438
 12434 12443 12442 12440 12421 12384 12443 12426] 
Iteration: 10 
Particle positions: [[195 203 165 290 194 290 290 212 290 233 227 201 260 235 290 159 214 276
  212 223]] 
Fitness: [12425 12439 12359 12442 12424 12441 12441 12452 12441 12428 12425 12435
 12439 12428 12441 12347 12454 12444 12452 12422] 
Iteration: 11 
Particle positions: [[230 177 109 178 290 219 200 167 216 285 256 290 189 262 290 244 235 229
  175 290]] 
Fitness: [12426 12388 12244 12391 12442 12417 12435 12364 12456 12443 12435 12441
 12415 12440 12442 12431 12429 12425 12384 12442] 
Iteration: 12 
Particle positions: [[290 290 290 251 290 226 275 204 172 206 255 248 210 207 258 256 210 259
  178 290]] 
Fitness: [12442 12441 12440 12432 12442 12423 12445 12440 12376 12445 12435 12431
 12449 12445 12438 12436 12449 12438 12391 12442] 
Iteration: 13 
Particle positions: [[284 290 290 290 246 262 247 261 242 177 256 200 225 187 177 211 206 286
  254 269]] 
Fitness: [12443 12442 12441 12441 12431 12440 12433 12439 12430 12389 12435 12434
 12423 12411 12389 12450 12444 12443 12434 12443] 
Iteration: 14 
Particle positions: [[167 210 229 252 277 266 209 161 259 234 223 290 221 232 195 194 232 254
  203 249]] 
Fitness: [12363 12450 12426 12432 12445 12441 12447 12351 12438 12428 12421 12441
 12419 12428 12427 12424 12427 12435 12439 12432] 
Iteration: 15 
Particle positions: [[238 174 197 199 284 244 202 183 215 218 275 290 195 228 287 236 198 215
  216 233]] 
Fitness: [12430 12381 12429 12433 12443 12432 12438 12402 12456 12416 12445 12440
 12426 12425 12443 12430 12431 12455 12455 12427] 
Iteration: 16 
Particle positions: [[290 236 207 202 268 228 222 268 194 198 257 207 225 202 233 197 206 196
  224 290]] 
Fitness: [12442 12429 12445 12438 12443 12425 12421 12442 12424 12432 12437 12446
 12422 12438 12427 12430 12444 12428 12422 12441] 
Iteration: 17 
Particle positions: [[233 226 224 246 251 219 203 175 231 212 218 179 225 202 228 205 242 210
  208 253]] 
Fitness: [12427 12424 12421 12431 12431 12417 12439 12384 12427 12452 12416 12394
 12422 12439 12425 12442 12431 12449 12446 12433] 
Iteration: 18 
Particle positions: [[258 202 202 290 239 290 201 178 223 227 250 241 195 213 252 216 222 235
  216 200]] 
Fitness: [12437 12438 12438 12441 12430 12441 12437 12391 12420 12425 12431 12431
 12426 12453 12433 12456 12420 12429 12456 12435] 
Iteration: 19 
Particle positions: [[254 214 216 290 227 201 215 225 206 199 275 251 202 223 283 221 204 226
  220 270]] 
Fitness: [12435 12454 12456 12442 12425 12437 12456 12423 12444 12434 12444 12432
 12437 12420 12443 12419 12442 12423 12419 12443] 
place side object: 2 
Object: 0 
Iteration: 0 
Particle positions: [[  85 -129 -257   82  133   92  140 -276 -276 -281  148 -200  230  283
   -75   65 -219  146 -263   69]] 
Fitness: [10850  9486  8865 10829 11127 10899 11175  8834  8835  8805 11229  9138
 11730 12030  9831 10710  9020 11216  8831 10738] 
Iteration: 1 
Particle positions: [[212 290 290  83 283 290 141 290 171 -18 290 290 234 282 179 290 290 263
  -70 132]] 
Fitness: [11616 12070 12070 10835 12031 12070 11181 12070 11381 10161 12070 12070
 11755 12024 11439 12070 12070 11953  9858 11120] 
Iteration: 2 
Particle positions: [[290 290 290 290 290 290 143 290 290 233 290 290 245 286 290 290 290 290
  290 290]] 
Fitness: [12070 12070 12071 12070 12070 12070 11195 12070 12070     0 12070 12070
 11829 12048 12069 12070 12071 12070 12071 12070] 
Iteration: 3 
Particle positions: [[290 290 290 290 290 290 290 290 290 155 290 290 290 290 290 290 290 290
  290 290]] 
Fitness: [12070 12070 12070 12070 12070 12070 12071 12070 12070 11274 12070 12070
 12071 12070 12070 12071 12070 12070 12070 12071] 
Iteration: 4 
Particle positions: [[290 290 290 290 290 290 290 290 290 199 290 290 290 290 290 290 290 290
  290 290]] 
Fitness: [12070 12070 12069 12071 12070 12070 12070 12070 12070 11579 12071 12070
 12070 12070 12070 12070 12071 12070 12070 12070] 
Iteration: 5 
Particle positions: [[290 290 290 290 290 290 290 290 290 290 290 290 290 290 290 290 290 290
  290 290]] 
Fitness: [12070 12071 12070 12070 12070 12070 12070 12070 12071 12070 12070 12070
 12071 12071 12070 12070 12070 12071 12070 12070] 
Iteration: 6 
Particle positions: [[290 290 290 290 290 290 290 290 290 290 290 290 290 290 290 290 290 290
  290 290]] 
Fitness: [12071 12070 12070 12070 12070 12070 12070 12070 12070 12071 12070 12070
 12070 12070 12070 12070 12070 12070 12070 12070] 
Iteration: 7 
Particle positions: [[290 290 290 290 290 290 290 290 290 290 290 290 290 290 290 290 290 290
  290 290]] 
Fitness: [12071 12070 12070 12070 12070 12070 12071 12070 12071 12071 12070 12070
 12070 12069 12071 12071 12070 12069 12071 12071] 
Iteration: 8 
Particle positions: [[290 290 290 290 290 290 290 290 290 290 290 290 290 290 290 290 290 290
  290 290]] 
Fitness: [12070 12070 12071 12071 12070 12071 12070 12070 12071 12070 12070 12070
 12070 12070 12070 12070 12071 12070 12070 12070] 
Iteration: 9 
Particle positions: [[290 290 290 290 290 290 290 290 290 290 290 290 290 290 290 290 290 290
  290 290]] 
Fitness: [12071 12071 12070 12071 12070 12070 12071 12070 12070 12070 12071 12070
 12071 12071 12070 12070 12070 12070 12070 12071] 
Iteration: 10 
Particle positions: [[290 290 290 290 290 290 290 290 290 290 290 290 290 290 290 290 290 290
  290 290]] 
Fitness: [12070 12070 12070 12071 12070 12070 12070 12070 12071 12070 12071 12070
 12070 12071 12070 12071 12070 12070 12070 12070] 
Iteration: 11 
Particle positions: [[290 290 290 290 290 290 290 290 290 290 290 290 290 290 290 290 290 290
  290 290]] 
Fitness: [12070 12070 12070 12071 12071 12070 12070 12070 12071 12070 12070 12070
 12070 12070 12070 12070 12071 12071 12071 12071] 
Iteration: 12 
Particle positions: [[290 290 290 290 290 290 290 290 290 290 290 290 290 290 290 290 290 290
  290 290]] 
Fitness: [12070 12070 12071 12070 12070 12071 12070 12070 12070 12071 12070 12070
 12070 12070 12070 12071 12071 12070 12070 12070] 
Iteration: 13 
Particle positions: [[290 290 290 290 290 290 290 290 290 290 290 290 290 290 290 290 290 290
  290 290]] 
Fitness: [12070 12070 12070 12070 12070 12070 12071 12070 12070 12070 12070 12070
 12070 12070 12070 12071 12071 12071 12070 12070] 
Iteration: 14 
Particle positions: [[290 290 290 290 290 290 290 290 290 290 290 290 290 290 290 290 290 290
  290 290]] 
Fitness: [12071 12070 12070 12070 12070 12070 12071 12070 12071 12071 12070 12070
 12071 12071 12070 12070 12071 12070 12071 12071] 
Iteration: 15 
Particle positions: [[290 290 290 290 290 290 290 290 290 290 290 290 290 290 290 290 290 290
  290 290]] 
Fitness: [12070 12070 12070 12071 12071 12071 12071 12070 12071 12070 12070 12071
 12070 12070 12070 12070 12070 12070 12069 12070] 
Iteration: 16 
Particle positions: [[290 290 290 290 290 290 290 290 290 290 290 290 290 290 290 290 290 290
  290 290]] 
Fitness: [12070 12070 12070 12070 12070 12070 12070 12070 12070 12070 12071 12070
 12071 12070 12070 12070 12070 12070 12070 12070] 
Iteration: 17 
Particle positions: [[290 290 290 290 290 290 290 290 290 290 290 290 290 290 290 290 290 290
  290 290]] 
Fitness: [12070 12070 12070 12070 12070 12070 12070 12071 12071 12070 12070 12070
 12070 12071 12070 12070 12070 12070 12070 12070] 
Iteration: 18 
Particle positions: [[290 290 290 290 290 290 290 290 290 290 290 290 290 290 290 290 290 290
  290 290]] 
Fitness: [12070 12070 12071 12070 12070 12071 12070 12070 12070 12070 12070 12070
 12070 12070 12071 12070 12070 12070 12071 12070] 
Iteration: 19 
Particle positions: [[290 290 290 290 290 290 290 290 290 290 290 290 290 290 290 290 290 290
  290 290]] 
Fitness: [12070 12070 12070 12070 12070 12070 12070 12071 12070 12070 12070 12070
 12070 12071 12070 12070 12071 12070 12070 12070] 
