iteration: 0 
 particles: [[  20  -80    3 -280   17  -58 -199  -40  141  150  223 -199  -61 -217
   281 -270  223 -250  182  171]]
fitness: [10405  9805 10295  8811 10385  9924  9145 10027 11182 11242 11688  9145
  9908  9034 12018  8869 11687  8901 11460 11381] 

iteration: 1 
 particles: [[290 156  78 290 290 236 290 290 290 233 237 290 133 290 280 290 240 290
  290 279]]
fitness: [12071 11281 10801 12070 12070 11767 12070 12070 12070     0 11774 12070
 11127 12070 12011 12070 11793 12070 12071 12005] 

iteration: 2 
 particles: [[290 290 290 290 290 290 290 290 290 240 255 290 290 290 287 290 290 290
  290 290]]
fitness: [12070 12070 12070 12070 12070 12070 12070 12070 12070 11794 11899 12070
 12070 12070 12053 12070 12070 12071 12070 12071] 

iteration: 3 
 particles: [[290 290 290 290 290 290 290 290 290 290 290 290 290 290 290 290 290 290
  290 290]]
fitness: [12070 12071 12070 12071 12070 12070 12070 12070 12071 12070 12070 12069
 12070 12070 12069 12070 12070 12070 12070 12071] 

iteration: 4 
 particles: [[290 290 290 290 290 290 290 290 290 290 290 290 290 290 290 290 290 290
  290 290]]
fitness: [12070 12070 12070 12069 12070 12070 12069 12071 12070 12070 12070 12070
 12070 12070 12070 12071 12071 12071 12071 12070] 

iteration: 5 
 particles: [[290 290 290 290 290 290 290 290 290 290 290 290 290 290 290 290 290 290
  290 290]]
fitness: [12070 12071 12071 12070 12070 12071 12070 12069 12071 12070 12070 12070
 12070 12070 12070 12070 12070 12071 12071 12071] 

iteration: 6 
 particles: [[290 290 290 290 290 290 290 290 290 290 290 290 290 290 290 290 290 290
  290 290]]
fitness: [12070 12071 12070 12070 12070 12070 12070 12070 12071 12070 12070 12070
 12070 12070 12071 12071 12070 12070 12070 12071] 

iteration: 7 
 particles: [[290 290 290 290 290 290 290 290 290 290 290 290 290 290 290 290 290 290
  290 290]]
fitness: [12069 12070 12070 12070 12070 12070 12070 12070 12071 12070 12070 12071
 12070 12070 12070 12070 12070 12070 12070 12070] 

iteration: 8 
 particles: [[290 290 290 290 290 290 290 290 290 290 290 290 290 290 290 290 290 290
  290 290]]
fitness: [12070 12070 12070 12070 12070 12070 12071 12071 12070 12070 12070 12070
 12070 12070 12070 12070 12070 12070 12070 12070] 

iteration: 9 
 particles: [[290 290 290 290 290 290 290 290 290 290 290 290 290 290 290 290 290 290
  290 290]]
fitness: [12070 12070 12070 12070 12070 12070 12070 12070 12070 12070 12070 12070
 12070 12070 12070 12070 12070 12070 12070 12070] 

iteration: 10 
 particles: [[290 290 290 290 290 290 290 290 290 290 290 290 290 290 290 290 290 290
  290 290]]
fitness: [12070 12070 12070 12071 12070 12070 12070 12070 12070 12070 12070 12070
 12070 12070 12070 12071 12070 12069 12070 12070] 

iteration: 11 
 particles: [[290 290 290 290 290 290 290 290 290 290 290 290 290 290 290 290 290 290
  290 290]]
fitness: [12070 12070 12070 12071 12070 12069 12071 12070 12070 12070 12070 12070
 12070 12071 12070 12071 12070 12070 12070 12071] 

iteration: 12 
 particles: [[290 290 290 290 290 290 290 290 290 290 290 290 290 290 290 290 290 290
  290 290]]
fitness: [12071 12071 12069 12070 12070 12070 12070 12070 12071 12070 12070 12070
 12071 12071 12070 12070 12070 12070 12070 12070] 

iteration: 13 
 particles: [[290 290 290 290 290 290 290 290 290 290 290 290 290 290 290 290 290 290
  290 290]]
fitness: [12070 12070 12071 12070 12070 12070 12071 12070 12070 12070 12070 12070
 12070 12070 12070 12070 12070 12070 12070 12070] 

iteration: 14 
 particles: [[290 290 290 290 290 290 290 290 290 290 290 290 290 290 290 290 290 290
  290 290]]
fitness: [12070 12070 12070 12070 12070 12070 12070 12070 12070 12070 12071 12070
 12070 12070 12070 12070 12070 12070 12070 12070] 

iteration: 15 
 particles: [[290 290 290 290 290 290 290 290 290 290 290 290 290 290 290 290 290 290
  290 290]]
fitness: [12071 12070 12071 12070 12071 12070 12070 12070 12070 12070 12070 12070
 12071 12070 12070 12070 12071 12070 12070 12070] 

iteration: 16 
 particles: [[290 290 290 290 290 290 290 290 290 290 290 290 290 290 290 290 290 290
  290 290]]
fitness: [12070 12069 12071 12070 12070 12070 12070 12070 12071 12071 12070 12070
 12070 12070 12070 12070 12070 12070 12070 12070] 

iteration: 17 
 particles: [[290 290 290 290 290 290 290 290 290 290 290 290 290 290 290 290 290 290
  290 290]]
fitness: [12070 12070 12070 12070 12070 12070 12070 12070 12070 12070 12070 12070
 12071 12071 12070 12070 12070 12070 12070 12070] 

iteration: 18 
 particles: [[290 290 290 290 290 290 290 290 290 290 290 290 290 290 290 290 290 290
  290 290]]
fitness: [12070 12070 12070 12070 12070 12070 12070 12070 12069 12070 12070 12070
 12071 12070 12071 12070 12070 12071 12070 12071] 

iteration: 19 
 particles: [[290 290 290 290 290 290 290 290 290 290 290 290 290 290 290 290 290 290
  290 290]]
fitness: [12070 12071 12070 12069 12070 12071 12071 12070 12071 12070 12070 12070
 12069 12070 12070 12071 12070 12070 12070 12070] 

global best: 290.0 
 manipulability 12071
