iteration: 0 
 particles: [[ 190 -106  117   94  208 -204 -198 -210  168 -457  -19   48  -92 -156
   151 -121  191  188  198   18]]
fitness: [ 6921 11338  8054  8426  6651 12298 12252 12344  7257 12754 10201  9179
 11210 11910  7519 11524  6906  6950  6802  9649] 

iteration: 1 
 particles: [[-630 -292 -382 -316 -451 -398 -212 -630   55 -457 -155 -419 -630 -630
  -630 -436 -630 -630 -630 -630]]
fitness: [ 9783 12832 13011 12909 12787 12986 12359  9783  9067 12753 11900 12927
  9783  9783  9783 12859  9784  9783  9783  9783] 

iteration: 2 
 particles: [[-630 -604 -630 -630 -630 -550 -288 -317 -630 -324 -363 -630 -354 -471
  -630 -625 -630 -630 -630 -630]]
fitness: [ 9784 10708  9783  9783  9784 11827 12818 12912  9783 12931 13019  9782
 13014 12661  9783  9965  9783  9783  9783  9783] 

iteration: 3 
 particles: [[-630 -110 -361 -206 -556 -486 -498  -43 -630 -239 -549 -324 -118 -231
  -630 -273 -630 -630 -630 -499]]
fitness: [ 9783 11388 13018 12314 11729 12546 12437 10547  9783 12579 11842 12931
 11487 12489  9783 12757  9783  9783  9783 12427] 

iteration: 4 
 particles: [[-630 -109 -124 -172  -70 -362 -122 -211 -630 -409 -477  -67 -613  -94
  -574 -298 -630 -630 -279 -321]]
fitness: [ 9783 11375 11555 12047 10921 13017 11534 12351  9783 12960 12619 10881
 10398 11236 11397 12853  9783  9784 12784 12924] 

iteration: 5 
 particles: [[-535 -630 -460 -617 -368 -253  125 -630 -525 -544 -255 -435 -378 -457
  -235 -591 -574 -506 -127 -169]]
fitness: [12050  9782 12736 10254 13018 12660  7927  9784 12180 11920 12670 12864
 13014 12753 12555 11016 11397 12398 11586 12022] 

iteration: 6 
 particles: [[-145 -393 -579 -399 -630 -479 -447 -578 -287 -347 -323 -537 -118 -630
  -118 -401 -270 -304 -164 -552]]
fitness: [11810 12996 11293 12984  9782 12602 12808 11315 12815 12972 12928 12023
 11488  9784 11488 12979 12744 12871 11980 11795] 

iteration: 7 
 particles: [[-594 -133 -428 -186 -406 -495 -630 -128 -207 -185 -466 -185 -418 -630
   -87 -229 -145 -133 -373 -471]]
fitness: [10939 11694 12894 12159 12967 12466  9783 11595 12321 12151 12698 12151
 12931  9783 11146 12476 11810 11695 13017 12663] 

iteration: 8 
 particles: [[-536  -78  -90 -613 -125 -455 -554   11 -418 -572 -334 -294 -561 -149
  -257 -519 -421 -296 -556  -61]]
fitness: [ 12036  11028  11185  10398  11566  12766  11763   9756  12930  11437
 260631  12841  11644  11847  12681  12255  12920  12846  11730  10799] 

iteration: 9 
 particles: [[ -98 -630 -197 -357 -464 -244  131 -562 -470 -508 -218 -435 -488  -41
  -423 -534 -613 -476 -282 -499]]
fitness: [11288  9784 12243 13017 12710 12609  7831 11626 12669 12377 12402 12865
 12529 10518 12912 12063 10398 12626 12797 12427] 

iteration: 10 
 particles: [[-349 -387 -541 -105 -522 -282 -206 -630 -391  103 -461 -324   96 -594
  -393  -18  -66 -406  -79 -630]]
fitness: [12975 13005 11965 11325 12218 12796 12314  9784 12999  8278 12730 12930
  8394 10939 12995 10187 10866 12968 11041  9784] 

iteration: 11 
 particles: [[-566  -85 -318 -506 -133 -522 -602 -260 -239 -389 -326 -243 -261 -630
  -311  290 -188 -274 -282 -284]]
fitness: [11552 11120 12915 12397 11695 12217 10714 12697 12580 13002 12935 12603
 12701  9783 12894  5539 12174 12763 12795 12804] 

iteration: 12 
 particles: [[-256   75 -149 -630 -425 -309 -202  -93 -476 -630 -222 -360 -630 -399
  -372 -630 -518 -452 -608  -16]]
fitness: [ 12676   8738 427822   9783  12905  12888  12283  11223  12626   9783
  12430  13018   9783  12984  13017   9784  12266  12782  10574  10157] 

iteration: 13 
 particles: [[  17 -484   -2 -381 -498   30   58  -81 -260  209  -60 -322 -630 -152
   -63 -630 -421  -97 -321 -101]]
fitness: [ 9665 12562  9951 13012 12438  9464  9018 11067 12695  6635 10785 12926
  9784 11873 10826  9783 12919 11274 12923 11326] 

iteration: 14 
 particles: [[-630 -439 -103  151  117   53 -390 -608 -101 -630 -551 -181 -187 -144
    43 -439 -197 -272   -8 -453]]
fitness: [ 9784 12847 11300  7520  8054  9098 13000 10575 11326  9784 11812 12120
 12166 11800  9259 12847 12243 12754 10040 12776] 

iteration: 15 
 particles: [[-562  233 -268 -426 -175 -630 -468 -246  -32 -179 -303 -126  221 -354
  -630  290 -186 -428 -201 -496]]
fitness: [11627  6286 12736 12902 12072  9783 12683 12620 10390 12104 12868 11576
  6456 13014  9783  5539 12159 12894 12274 12457] 

iteration: 16 
 particles: [[ 212 -630 -139 -299 -626 -630 -231   49 -295  191  -56 -183 -562 -342
  -222   93 -566 -430 -451   39]]
fitness: [ 6590  9783 11753 12856  9920  9784 12489  9163 12844  6906 10729 12136
 11626 12967 12430  8444 11552 12886 12788  9322] 

iteration: 17 
 particles: [[-433 -630  -48  -11 -539 -243 -105  -32 -525 -630 -485 -412 -537 -116
    29 -630 -372   40  -69  133]]
fitness: [12872  9783 10618 10084 11994 12602 11325 10389 12181  9783 12555 12951
 12022 11463  9480  9784 13019  9307 10907  7800] 

iteration: 18 
 particles: [[-592  140 -224   27 -330    1 -475 -366  -67 -190  -17  -66   32 -287
  -630 -270  -27   79 -417 -630]]
fitness: [10991  7687 12443  9511 12945  9907 12633 13018 10880 12189 10171 10866
  9431 12816  9783 12745 10318  8671 12935  9784] 

iteration: 19 
 particles: [[ -28  -27 -195 -630  149 -630  -51 -366   58  -34  193   38  -49 -374
  -630  115 -275 -522 -329 -630]]
fitness: [10331 10317 12227  9783  7550  9783 10660 13019  9017 10419  6876  9337
 10631 13017  9783  8086 12767 12217 12942  9783] 

iteration: 20 
 particles: [[-329 -450  -81 -630 -583 -141 -339 -179 -630 -132  112 -217 -630  -80
  -374 -437 -433 -630   25  290]]
fitness: [12942 12793 11067  9782 11206 11773 12962 12105  9783 11694  8133 12394
  9783 11054 13016 12854 12872  9783  9542  5540] 

iteration: 21 
 particles: [[-256 -346  -85  102 -324 -137 -433   -6 -630 -388 -417 -587  -79 -256
    43 -579 -240  290 -590  -78]]
fitness: [12675 12972 11119  8295 12930 11734 12872  9979  9783 13005 12934 11114
 11041 12675  9258 11294 12585  5540 11042 11028] 

iteration: 22 
 particles: [[-123 -101 -121  101   43 -549 -103  -19 -572 -438 -630 -274  290 -579
  -278  190  -35 -597  -22 -630]]
fitness: [11545 11326 11524  8311  9259 11843 11300 10201 11437 12850  9783 12762
  5540 11294 12779  6920 10433 10854 10244  9783] 

iteration: 23 
 particles: [[ -66   29 -188 -630 -564 -299 -146 -391  175 -179  100   29 -630 -502
  -630  290 -306 -604 -213  -81]]
fitness: [10866  9479 12174  9783 11589 12857 11819 12998  7148 12104  8328  9478
  9784 12436  9784  5540 12878 10707 12365 11068] 

iteration: 24 
 particles: [[-452 -630 -172 -256 -156   -5 -228 -515  290  -17 -149 -630 -630  177
    60 -547 -493 -218 -417  144]]
fitness: [ 12782   9784  12047  12676  11910   9996  12470  12300   5538  10171
 369301   9784   9783   7118   8985  11875  12485  12402  12935   7626] 

iteration: 25 
 particles: [[-563 -476  -96   62 -121  135 -336  -30 -299 -597 -358 -618 -630  -19
   -69 -630 -262 -219 -169  -63]]
fitness: [11608 12626 11262  8952 11524  7767 12957 10360 12856 10854 13017 10275
  9783 10200 10907  9783 12705 12408 12023 10826] 

iteration: 26 
 particles: [[-199  169 -104    6 -183  -13 -240   84 -630 -503  -54 -544  290 -630
  -452  145   52 -159 -241 -630]]
fitness: [12259  7241 11312  9831 12135 10113 12584  8589  9783 12428 10702 11921
  5540  9782 12782  7611  9115 11936 12592  9784] 

iteration: 27 
 particles: [[ -27 -630 -160 -115 -443 -630 -343 -204 -463   75   20  290  290 -308
  -193  242 -412 -552 -407  204]]
fitness: [10317  9784 11945 11450 12828  9783 12968 12298 12716  8739  9619  5540
  5540 12884 12210  6156 12951 11795 12965  6712] 

iteration: 28 
 particles: [[-630 -630 -185 -337 -240 -189 -384 -540   30   34 -221   41  110  127
  -154 -630 -306 -313 -397 -352]]
fitness: [ 9784  9783 12151 12958 12586 12181 13008 11980  9463  9401 12423  9290
  8166  7896 11892  9784 12877 12901 12988 12979] 

iteration: 29 
 particles: [[-630 -245 -173 -449 -175   54 -314 -272 -510 -600 -373 -630 -630 -348
  -500 -630 -262   70 -221 -630]]
fitness: [ 9783 12615 12056 12798 12073  9082 12903 12753 12355 10772 13017  9783
  9784 12974 12418  9784 12706  8821 12423  9783] 

iteration: 30 
 particles: [[-492  -82 -107 -159 -198 -438 -182   46 -129 -617  119 -436 -630 -430
  -457   48 -204  290 -256 -360]]
fitness: [12494 11080 11350 11936 12252 12851 12128  9211 11655 10254  8022 12859
  9784 12884 12753  9178 12298  5539 12675 13018] 

iteration: 31 
 particles: [[ 142 -303 -133    2 -531 -630 -422   43 -137  290  197  250 -239  -51
   232  124 -319 -630 -459   80]]
fitness: [ 7656 12868 11694  9891 12104  9784 12918  9257 11733  5539  6816  6048
 12579 10660  6299  7943 12916  9783 12742  8655] 

iteration: 32 
 particles: [[-257 -399 -201  -32 -467 -429 -178 -199 -221  106 -178 -466  115   35
   -86 -163 -240 -630   77 -193]]
fitness: [12680 12984 12275 10390 12690 12889 12096 12259 12423  8231 12096 12696
  8086  9385 11133 11971 12585  9782  8705 12212] 

iteration: 33 
 particles: [[-580  -71 -136 -408  185  189   48 -519 -617 -516 -425 -630 -513 -630
  -479 -396 -185 -185  -85 -630]]
fitness: [11273 10935 11723 12963  6994  6935  9179 12253 10253 12290 12905  9784
 12323  9783 12604 12990 12151 12151 11119  9783] 

iteration: 34 
 particles: [[-322 -326  -94 -359 -439 -417 -630 -332 -557 -589  181  126 -282 -630
  -280 -497 -377 -110 -262  173]]
fitness: [12926 12936 11237 13018 12846 12934  9784 12949 11714 11066  7056  7911
 12796  9783 12787 12447 13015 11388 12706  7194] 

iteration: 35 
 particles: [[ 131 -490 -182 -194 -597 -630 -630 -169  205   59  287 -209  -23 -210
    18  -79 -380 -630 -393   86]]
fitness: [ 7832 12512 12128 12219 10854  9784  9783 12022  6697  9002  5576 12336
 10259 12343  9649 11041 13013  9784 12995  8557] 

iteration: 36 
 particles: [[-431 -340 -163 -353  290 -368 -412 -343 -630 -567 -630 -595 -358  136
  -183  212  -46 -197   -7  -44]]
fitness: [12881 12963 11971 12978  5539 13018 12951 12968  9784 11534  9784 10909
 13017  7751 12136  6590 10589 12243 10025 10562] 

iteration: 37 
 particles: [[-458  145 -129 -205 -244  212    3 -239 -630 -531 -594   35 -272  288
  -609  180 -551 -168 -196 -395]]
fitness: [12747  7611 11655 12306 12609  6590  9878 12579  9784 12103 10938  9385
 12753  5563 10539  7071 11811 12013 12236 12992] 

iteration: 38 
 particles: [[-353 -120 -163  -82 -630 -139 -162  -66 -375   53  290 -259  -73 -630
   -36 -630 -500 -580 -498 -327]]
fitness: [12979 11513 11971 11080  9783 11753 11963 10866 13016  9098  5540 12692
 10961  9784 10448  9783 12418 11272 12437 12938] 

iteration: 39 
 particles: [[-181 -630 -146 -456 -508 -630 -411 -214  251 -135  290 -612 -501 -630
  -152 -630  140 -362   46    1]]
fitness: [12119  9783 11819 12760 12377  9783 12954 12373  6034 11714  5540 10432
 12408  9784 11874  9783  7688 13018  9211  9907] 

iteration: 40 
 particles: [[-314 -630 -143 -447  290 -350 -113 -587 -316 -312 -181  290 -461  155
  -412   87  -15  105 -430 -414]]
fitness: [12904  9784 11790 12808  5540 12976 11426 11114 12910 12896 12119  5539
 12728  7459 12950  8540 10143  8246 12885 12944] 

iteration: 41 
 particles: [[-418   30 -146   54  290   40 -304  202 -630 -434 -476  290  175 -529
  -552 -109 -572   39 -567 -508]]
fitness: [12931  9463 11818  9083  5540  9306 12871  6741  9783 12868 12626  5540
  7148 12130 11794 11375 11438  9321 11534 12376] 

iteration: 42 
 particles: [[-352 -262 -154 -480 -630 -301 -257  -46 -175 -182  279 -428 -189 -630
  -235 -592 -323 -630   66 -509]]
fitness: [12978 12706 11892 12595  9783 12862 12681 10591 12071 12129  5670 12893
 12182  9784 12555 10991 12929  9784  8887 12366] 

iteration: 43 
 particles: [[-170 -460 -145 -379 -525 -344 -153 -630  109  -75   26 -630 -630 -198
   -87 -336   33 -558 -171 -313]]
fitness: [ 12030  12736  11810  13014  12181  12969 501380   9783   8182  10987
   9526   9784   9783  12252  11145  12957   9416  11697  12039  12900] 

iteration: 44 
 particles: [[-164   22 -139  145   87 -244  -70 -609 -630 -287 -630 -116 -476   -8
  -351  -80  -72  290 -361  -72]]
fitness: [11980  9587 11753  7611  8541 12609 10920 10539  9784 12815  9784 11462
 12626 10040 12977 11053 10947  5539 13018 10948] 

iteration: 45 
 particles: [[-279 -588 -150 -167 -211 -145 -174  290 -630 -358  290 -244  290   58
  -559 -384 -630 -630 -371 -180]]
fitness: [12784 11090 11856 12005 12351 11810 12063  5539  9783 13017  5540 12609
  5540  9018 11678 13008  9784  9783 13019 12112] 

iteration: 46 
 particles: [[-170 -165 -157 -630 -511 -289 -215 -630 -242 -343   34 -484 -360 -630
  -526 -488  168 -630  -86 -482]]
fitness: [12030 11989 11918  9784 12345 12822 12380  9784 12597 12968  9401 12564
 13018  9783 12167 12529  7258  9784 11133 12581] 

iteration: 47 
 particles: [[-282  128 -148 -630 -449 -332 -202 -630  135 -173 -475 -167 -630 -371
    35 -113   82 -399 -262 -272]]
fitness: [12796  7880 11837  9783 12799 12949 12282  9783  7767 12055 12634 12005
  9784 13018  9385 11425  8623 12985 12706 12753] 

iteration: 48 
 particles: [[-462 -320 -145  -26 -219 -197 -100 -175 -346 -173  290   42 -542 -131
   286 -279 -630 -124 -297 -105]]
fitness: [12723 12920 11810 10302 12408 12243 11313 12071 12971 12055  5540  9275
 11950 11674  5587 12784  9784 11555 12850 11325] 

iteration: 49 
 particles: [[-138 -578 -153  290 -187  -20 -170  -55 -612 -431  290 -502  193 -234
  -630 -569 -313 -175 -236 -471]]
fitness: [ 11743  11314 548860   5540  12166  10215  12030  10716  10432  12881
   5539  12438   6876  12509   9783  11495  12900  12071  12560  12662] 

iteration: 50 
 particles: [[-276 -109 -159 -630 -292 -307 -210 -208 -106 -441 -618 -630  140 -478
  -630 -380   52 -466 -271 -258]]
fitness: [  12770   11375   11936    9783   12833   12881   12343   12328   11337
   12837   10274    9783    7687 1248964    9784   13013    9114   12696
   12749   12686] 

iteration: 51 
 particles: [[-465 -250 -630 -630 -617 -630 -537 -630 -630 -422 -612 -375 -630 -630
   -22 -338   -8 -630 -593 -414]]
fitness: [12704 12643  9783  9784 10254  9784 12022  9784  9785 12917 10432 13016
  9783  9783 10244 12959 10040  9784 10967 12943] 

iteration: 52 
 particles: [[-504 -561  -64 -292 -560 -630 -355 -630 -630 -492 -276 -226 -630 -249
   -41 -588 -630 -629 -478 -539]]
fitness: [12418 11644 10839 12832 11661  9784 13014  9783  9784 12493 12771 12457
  9784 12638 10518 11089  9783  9774 12608 11994] 

iteration: 53 
 particles: [[-302 -630 -304 -366 -236 -433 -193 -630 -630 -469  -40 -630 -630 -180
  -630 -404 -630  -75 -223 -230]]
fitness: [12865  9784 12871 13018 12561 12872 12212  9784  9784 12678 10504  9784
  9783 12112  9783 12971  9783 10987 12436 12484] 

iteration: 54 
 particles: [[-585 -362 -466 -458 -346 -271 -359 -424 -398 -326 -630 -243 -630 -540
  -630 -274 -630 -568 -226 -398]]
fitness: [11160 13017 12697 12747 12972 12749 13017 12908 12987 12935  9783 12603
  9783 11980  9784 12762  9782 11515 12457 12986] 

iteration: 55 
 particles: [[-630 -224  -29 -362 -630 -541 -578 -284 -233 -332 -606 -508 -324 -630
  -630 -616 -452 -597 -520 -557]]
fitness: [ 9784 12443 10345 13018  9784 11965 11315 12805 12502 12949 10644 12377
 12931  9784  9784 10291 12783 10854 12242 11713] 

iteration: 56 
 particles: [[ -17 -555 -253 -298  -66 -487 -229 -602 -608 -372  139 -536 -424 -238
  -100 -548 -245 -211 -476 -235]]
fitness: [10171 11747 12659 12852 10866 12538 12477 10713 10576 13017  7703 12037
 12910 12573 11313 11858 12614 12350 12626 12554] 

iteration: 57 
 particles: [[-272 -330 -630 -362  290 -384 -109 -287 -586 -555  290 -201 -437 -191
  -231 -297 -608 -254 -395 -580]]
fitness: [12753 12944  9784 13017  5540 13009 11376 12815 11138 11747  5539 12275
 12855 12197 12490 12849 10575 12665 12993 11272] 

iteration: 58 
 particles: [[-630 -424 -305 -442 -444 -322 -526 -341 -216 -342 -630 -561 -444 -630
  -630 -226 -572 -547 -385 -405]]
fitness: [ 9784 12909 12874 12833 12824 12926 12168 12965 12387 12966  9783 11643
 12823  9783  9784 12457 11438 11875 13008 12970] 

iteration: 59 
 particles: [[-630 -451   67 -395 -630 -630 -462 -494 -221 -418 -630 -466 -453 -591
  -630 -630 -274 -630 -546 -287]]
fitness: [ 9784 12788  8870 12990  9784  9783 12724 12476 12422 12931  9782 12696
 12777 11016  9783  9784 12761  9784 11890 12815] 

iteration: 60 
 particles: [[-478 -465 -450 -466 -630 -630 -183 -574 -630 -441 -329 -217 -368 -346
  -260 -439 -300 -443 -442 -454]]
fitness: [12610 12704 12793 12697  9784  9783 12136 11397  9783 12837 12943 12394
 13018 12971 12697 12847 12859 12828 12832 12771] 

iteration: 61 
 particles: [[-230 -415 -630 -370 -630 -397 -463 -533 -596 -344 -325 -530 -311 -241
  -213 -306 -630 -267 -297 -427]]
fitness: [12483 12940  9783 13018  9784 12988 12715 12077 10880 12970 12933 12118
 12894 12591 12365 12877  9783 12730 12851 12898] 

iteration: 62 
 particles: [[-155 -392  115 -471 -175 -329 -541  -93 -364 -307 -356 -408 -481 -368
  -474 -510 -479 -503 -534 -410]]
fitness: [11901 12997  8086 12662 12072 12943 11966 11224 13019 12880 13015 12961
 12587 13018 12640 12355 12603 12428 12063 12956] 

iteration: 63 
 particles: [[-511 -465  -82 -508   40 -593 -288 -630 -378 -571 -342 -247 -516 -630
  -495 -491 -267 -407 -595 -416]]
fitness: [12345 12703 11080 12377  9306 10966 12818  9783 13014 11457 12966 12626
 12289  9784 12466 12504 12729 12965 10908 12936] 

iteration: 64 
 particles: [[-630 -452 -630 -229 -619 -583 -281 -630 -555 -630  -56 -452 -174 -572
  -367 -419 -580 -374 -449 -472]]
fitness: [ 9784 12780  9783 12476 10234 11207 12793  9783 11747  9783 10729 12781
 12063 11438 13019 12928 11272 13016 12798 12655] 

iteration: 65 
 particles: [[-502 -329 -630 -441 -630 -178 -415 -273 -521 -515 -630 -478 -610 -386
  -442 -386 -480 -386 -292 -469]]
fitness: [12438 12942  9784 12837  9784 12095 12941 12758 12230 12301  9784 96770
 10503 13006 12834 13007 12596 13006 12833 12676] 

iteration: 66 
 particles: [[-314 -423 -339 -586 -293  -56 -323 -238 -215 -283 -630 -497 -412 -253
  -458 -390 -404 -432 -532 -279]]
fitness: [12903 12913 12961 11138 12836 10730 12927 12573 12380 12799  9783 12448
 12951 12659 12748 13000 12973 12876 12090 12784] 

iteration: 67 
 particles: [[-445 -528   43 -434 -466 -630 -313 -630 -330 -581 -104 -456 -236 -630
  -323 -528 -397 -485 -455 -284]]
fitness: [12818 12142  9258 12867 12697  9784 12901  9784 12945 11251 11313 12760
 12561  9784 12929 12142 12989 12555 12765 12803] 

iteration: 68 
 particles: [[-474 -544 -630 -298 -473 -630  -91 -568 -611 -286 -452 -470 -630 -630
  -317 -605 -386 -504 -274 -500]]
fitness: [12641 11921  9784 12853 12648  9784 11198 11516 10466 12811 12782 12670
  9784  9784 12912 10676 13006 12417 12762 12417] 

iteration: 69 
 particles: [[-491 -391 -630 -593 -304 -630 -611 -341 -321 -218 -513 -506 -369 -473
  -388 -384 -437 -240 -345 -609]]
fitness: [12503 12999  9784 10966 12871  9784 10467 12964 12923 12401 12322 12397
 13019 12648 13004 13009 12856 12585 12971 10540] 

iteration: 70 
 particles: [[-428 -344 -392 -449 -385 -526   17 -300 -268 -454 -170 -446 -376 -367
  -543 -265 -415 -259 -422   15]]
fitness: [12894 12969 12998 12799 13008 12167  9665 12860 12736 12771 12030 12814
 13015 13019 11936 12720 12942 12691 12917  9695] 

iteration: 71 
 particles: [[-380 -361  -76 -264 -607  -65 -456 -557 -630 -489   13 -500 -432 -630
  -285 -600 -474 -347 -440 -107]]
fitness: [13012 13018 11000 12716 10609 10852 12759 11714  9784 12521  9726 12418
 12877  9784 12808 10772 12642 12973 12842 11351] 

iteration: 72 
 particles: [[-516 -488 -339 -364 -630 -630 -630 -464 -444 -324 -423 -510 -427 -496
  -288 -554 -446 -559 -341 -630]]
fitness: [12288 12530 12962 13019  9784  9783  9784 12709 12823 12931 12914 12355
 12898 12457 12819 11763 12814 11680 12965  9783] 

iteration: 73 
 particles: [[-493 -483 -329 -619 -199 -559 -630 -355 -183 -386 -589 -446 -414 -380
  -630 -344 -450 -305 -359 -446]]
fitness: [12484 12572 12942 10234 12259 11679  9783 13014 12136 13007 11066 12812
 12945 13012  9784 12969 12793 12874 13017 12813] 

iteration: 74 
 particles: [[-375 -308 -254 -196  -17 -223  115 -331 -347 -391 -380 -445 -495 -392
  -630 -291 -408 -389 -516 -265]]
fitness: [13016 12883 12664 12236 10171 12436  8086 12947 12974 13000 13012 12818
 12466 12997  9784 12830 12962 13002 12288 12719] 

iteration: 75 
 particles: [[-323 -338 -393 -423 -559 -630 -630 -400 -551 -442 -300 -460 -471 -519
   -71 -592 -362 -477 -473 -348]]
fitness: [12928 12961 12996 12914 11680  9784  9784 12981 11811 12833 12859 12736
 12663 12254 10934 10991 13019 12618 12648 12974] 

iteration: 76 
 particles: [[-504 -630 -551 -564 -619 -298 -630 -411 -625 -426 -233 -504 -269 -497
  -160 -452 -480 -401 -316 -521]]
fitness: [12418  9784 11811 11589 10235 12853  9785 12953  9965 12901 12501 12417
 12740 12447 11945 12782 12595 12980 12909 12229] 

iteration: 77 
 particles: [[-551 -357  204 -264 -319 -467  273 -360 -198 -483 -209 -488 -608 -466
  -630 -284 -493 -402 -573 -535]]
fitness: [11812 13015  6711 12715 12918 12689  5745 13017 12250 12571 12336 12529
 10575 12696  9784 12804 12485 12978 11417 12050] 

iteration: 78 
 particles: [[-227 -328 -630 -177 -301 -454 -622 -378 -272 -463 -630 -442 -483 -455
  -630 -529 -384 -414 -594 -392]]
fitness: [12463 12941  9783 12088 12863 12771 10107 13014 12754 12716  9784 12833
 12570 12765  9784 12130 13008 12944 10938 12998] 

iteration: 79 
 particles: [[-389 -567 -442 -595 -603 -387 -630 -508 -576 -384  -41 -495 -175 -494
  -254 -433 -480 -348 -231 -371]]
fitness: [13001 11533 12833 10910 10683 13004  9784 12377 11356 13007 10519 12466
 12072 12476 12665 12872 12595 12974 12490 13018] 

iteration: 80 
 particles: [[-630 -490 -202 -621 -135 -384 -508 -533 -414 -494 -368 -514 -200 -498
  -484 -345 -513 -520 -295 -451]]
fitness: [ 9783 12511 12283 10150 11713 13008 12377 12078 12944 12476 13018 12311
 12267 12437 12563 12971 12322 12241 12842 12788] 

iteration: 81 
 particles: [[-302 -351 -222  -39 -142 -378 -182 -204 -288 -391 -609 -427 -630 -429
  -442 -456 -374 -412 -630 -441]]
fitness: [12865 12977 12429 10490 11781 13014 12128 12298 12820 12999 10541 12898
  9784 12889 12833 12759 13017 12950  9783 12837] 

iteration: 82 
 particles: [[-364 -443 -555 -630 -630 -382 -234 -544 -556 -362  110 -439 -630 -474
  -363 -473 -377 -308 -209 -449]]
fitness: [13019 12828 11747  9784  9784 13010 12510 11920 11729 13018  8166 12846
  9784 12641 13018 12648 13014 12884 12336 12799] 

iteration: 83 
 particles: [[-481 -540 -630 -499 -630 -441 -599 -405 -321 -434 -370 -491 -167 -515
  -474 -438 -420 -358 -499 -426]]
fitness: [12588 11980  9785 12427  9784 12838 10800 12971 12923 12868 13018 12503
 12005 12300 12641 12851 12924 13017 12428 12901] 

iteration: 84 
 particles: [[-387 -493 -175 -318 -505 -373 -245 -343 -470 -434 -345 -492  -88 -432
  -519 -404 -424 -562 -507 -429]]
fitness: [13006 12483 12072 12915 12408 13018 12614 12968 12670 12867 12970 12494
 11158 12877 12253 12973 12910 11626 12388 12890] 

iteration: 85 
 particles: [[-422 -417  -30 -402 -188 -349  -92 -509 -403 -426  -50 -476 -317 -533
  -358 -427 -457 -244 -470 -350]]
fitness: [12917 12934 10360 12978 12174 12975 11210 12365 12975 12902 10646 12627
 12912 12078 13016 12897 12753 12609 12670 12977] 

iteration: 86 
 particles: [[-423 -362 -479 -440 -605 -478 -243 -458 -419 -460 -194 -470 -630 -543
  -295 -524 -505 -524 -421 -502]]
fitness: [12913 13017 12603 12841 10675 12612 12603 12748 12927 12735 12219 12670
  9784 11936 12842 12193 12408 12194 12920 12439] 

iteration: 87 
 particles: [[-336 -494 -427 -508 -630 -429 -497 -291 -481 -373 -375 -483 -422 -411
  -630 -508 -429 -559 -410 -347]]
fitness: [12956 12474 12897 12375  9783 12890 12447 12830 12587 13017 13016 12572
 12917 12953  9784 12377 12889 11679 12957 12973] 

iteration: 88 
 particles: [[-409 -495 -418 -426 -506 -339   -9 -477 -433 -357 -469 -473 -311 -437
  -462 -475 -357 -300 -408 -306]]
fitness: [12959 12466 12931 12901 12397 12961 10055 12618 12872 13016 12676 12648
 12894 12855 12723 12633 13017 12859 12963 12877] 

iteration: 89 
 particles: [[-522 -435 -160 -411 -117 -367 -630 -436 -370 -377 -401 -475 -273 -521
  -224 -431 -387 -350 -541 -501]]
fitness: [12218 12863 11946 12953 11474 13019  9784 12860 13019 13014 12980 12635
 12758 12229 12443 12881 13004 12976 11964 12409] 

iteration: 90 
 particles: [[-390 -412 -309 -406 -528 -499 -630 -437 -509 -480 -221 -483 -434 -507
  -247 -401 -560 -433 -262 -480]]
fitness: [13000 12951 12888 12968 12144 12428  9784 12855 12366 12596 12422 12572
 12868 12386 12626 12980 11662 12873 12706 12594] 

iteration: 91 
 particles: [[-435 -441 -407 -404 -619 -365 -528 -370 -282 -471 -136 -478 -472 -438
  -486 -499 -243 -469 -542 -247]]
fitness: [12863 12837 12965 12972 10235 13019 12142 13019 12796 12662 11724 12612
 12655 12852 12545 12427 12603 12675 11950 12626] 

iteration: 92 
 particles: [[-387 -490 -199 -479 -211 -294   39 -452 -345 -290 -108 -475 -466 -461
  -412 -437 -336 -376 -615 -392]]
fitness: [13003 12512 12259 12602 12351 12840  9322 12783 12970 12826 11363 12634
 12696 12730 12949 12855 12956 13016 10328 12998] 

iteration: 93 
 particles: [[-338 -343 -508 -423 -275 -491  -63 -405 -508 -527 -202 -477 -362 -522
  -384 -337 -630 -337 -544 -577]]
fitness: [12961 12969 12377 12913 12767 12503 10826 12969 12375 12155 12282 12619
 13019 12218 13009 12958  9783 12958 11921 11335] 

iteration: 94 
 particles: [[-455 -302 -486 -378 -630 -374 -353 -485 -391 -592 -630 -482 -490 -524
  -398 -538 -268 -363 -375 -311]]
fitness: [12765 12866 12547 13014  9783 13018 12979 12555 12999 10992  9784 12579
 12512 12193 12986 12008 12735 13018 13016 12894] 

iteration: 95 
 particles: [[-558 -301  -81 -403 -458 -454 -606 -387 -403 -356 -630 -478 -536 -484
  -421 -345 -103 -481 -296 -165]]
fitness: [11697 12862 11067 12974 12748 12770 10643 13005 12975 13016  9783 98524
 12037 12563 12920 12969 11299 12588 12846 11988] 

iteration: 96 
 particles: [[-159 -387 -303 -379 -270 -466 -352 -347 -449 -244 -473 -475 -284 -442
  -434 -260 -472 -329 -522 -581]]
fitness: [11936 13005 12868 13013 12744 12697 12978 12973 12796 12608 12649 12634
 12804 12833 12867 12695 12655 12943 12218 11250] 

iteration: 97 
 particles: [[-514 -513 -611 -447 -454 -375  175 -512 -475 -268 -175 -476 -445 -462
  -453 -335 -612 -335 -563 -523]]
fitness: [12311 12322 10467 12809 12771 13015  7149 12333 12633 12735 12071 12626
 12819 12723 12776 12955 10432 12955 11608 12205] 

iteration: 98 
 particles: [[-429 -454 -283 -473 -469 -396 -102 -350 -380 -630 -486 -482 -481 -502
  -392 -436 -268 -487 -302 -214]]
fitness: [12889 12771 12799 12647 12676 12990 11338 12976 13012  9783 12546 12578
 12587 12438 12997 12859 12736 12538 12865 12372] 

iteration: 99 
 particles: [[-352 -294 -242 -339 -469 -563 -363 -328 -305 -606 -394 -479 -442 -470
  -447 -514 -117 -505 -322 -334]]
fitness: [12978 12840 12597 12962 12676 11608 13019 12939 12873 10643 12994 12604
 12833 12669 12808 12311 11475 12408 12926 12960] 

iteration: 100 
 particles: [[-331 -514 -315 -547 -374 -563 -575 -540 -588  -37 -128 -473 -347 -466
  -387 -457 -630 -477 -630 -630]]
fitness: [12948 12310 12905 11874 13016 11608 11378 11980 11090 10461 11596 12648
 12973 12697 13004 12754  9784 12619  9784  9784] 

iteration: 101 
 particles: [[-518 -352 -372 -424 -411 -246   51 -529 -336 -320 -426 -480 -523 -488
  -359 -318 -495 -282 -143 -118]]
fitness: [12266 12978 13017 12910 12954 12620  9130 12130 12958 12920 12901 12596
 12205 12530 13017 12915 12466 12795 11790 11488] 

iteration: 102 
 particles: [[-525 -298  -22 -377 -423 -274 -207 -259 -328 -630 -223 -480 -611 -487
  -525 -430 -343 -322   33 -145]]
fitness: [12180 12853 10244 13014 12912 12762 12321 12691 12940  9783 12436 12596
 10467 12538 12180 12885 12967 12926 20220 11809] 

iteration: 103 
 particles: [[-430 -510  127 -544 -410 -630 -492 -566 -555 -612 -385 -474 -115 -459
  -463 -563 -331 -427 -154 -405]]
fitness: [12886 12356  7895 11921 12957  9783 12495 11552 11747 10432 13008 12641
 11451 12740 12716 11608 12946 12897 11892 12969] 

iteration: 104 
 particles: [[-375 -433 -464 -354 -404 -630 -624 -469 -537 -255 -572 -478 -273 -472
  -363 -279 -367 -509 -152 -630]]
fitness: [13017 12872 12710 13014 12973  9784 10012 12676 12022 12670 11437 12614
 12757 12656 13018 12784 13018 12365 11874  9784] 

iteration: 105 
 particles: [[-496 -319 -630 -441 -383 -504 -468 -331 -468 -169  185 -480 -630 -495
  -404 -295 -433 -533  -30 -287]]
fitness: [12456 12918  9785 12837 13008 12419 12683 12947 12683 12022  6994 12595
  9784 12466 12973 12843 12872 12076 10361 12815] 

iteration: 106 
 particles: [[-373 -570 -184 -452 -474 -190  195 -426 -252 -630 -524 -476 -574 -479
  -422 -551 -431 -287 -338 -328]]
fitness: [13017 11476 12143 12782 12642 12189  6846 12901 12654  9783 12193 12626
 11399 12604 12917 11812 12881 12814 12961 12941] 

iteration: 107 
 particles: [[-419 -386 -233 -371 -437 -589 -233 -407 -417 -492 -585 -477 -248 -469
  -396 -364 -462 -610 -501 -455]]
fitness: [12927 13006 12503 13018 12855 11066 12502 12965 12935 12494 11161 12618
 12631 12675 12990 13018 12723 10503 12408 12765] 

iteration: 108 
 particles: [[-532 -351 -321 -472 -358 -630 -630 -396 -505 -324  123 -479 -328 -488
  -529 -279 -449 -326   82 -460]]
fitness: [12090 12977 12924 12655 13017  9784  9784 12990 12407 12931  7959 12603
 12940 12529 12129 12783 12799 12936  8622 12736] 

iteration: 109 
 particles: [[-493 -519 -276 -447 -384 -407 -630 -393 -506 -424    1 -478 -474 -478
  -508 -583 -462 -245 -582 -434]]
fitness: [12484 12253 12771 12808 13008 12963  9783 12996 12397 12910  9906 12614
 12641 12611 12377 11205 12723 12615 11229 12868] 

iteration: 110 
 particles: [[-292 -351 -194 -419 -476 -238  290 -406 -376 -461 -418 -477 -399 -472
  -362 -510 -346 -530 -539 -411]]
fitness: [ 12834  12978  12220  12927  12626  12573   5539 308531  13015  12729
  12930  12619  12985  12655  13018  12355  12972  12117  11994  12953] 

iteration: 111 
 particles: [[-331 -324 -202 -413 -498 -630   62 -420 -364 -430 -283 -477 -337 -482
  -424 -357 -570 -360  290 -407]]
fitness: [12947 12931 12282 12946 12437  9784  8952 12923 13018 12885 12800 12618
 12959 12580 12909 13017 11476 13017  5540 12965] 

iteration: 112 
 particles: [[-630 -394 -259 -439 -242 -365 -630 -440 -572 -381 -282 -479 -457 -480
  -449 -460 -630 -329  234 -482]]
fitness: [ 9784 12993 12691 12848 12598 13018  9784 12842 11437 13013 12795 12603
 12753 12595 12798 12735  9784 12943  6271 12579] 

iteration: 113 
 particles: [[-197 -460 -575 -360 -392 -409 -630 -458 -629 -337 -443 -477 -418 -474
  -413 -445 -188 -418 -630 -399]]
fitness: [12243 12735 11377 13018 12998 12959  9784 12747  9774 12959 12828 12619
 12931 12641 12947 12819 12174 12931  9783 12984] 

iteration: 114 
 particles: [[ -90 -429  108 -351 -479 -403 -458 -393  103 -416 -318 -479 -330 -482
  -431 -352 -166 -388 -181 -401]]
fitness: [11185 12889  8198 12977 12604 12975 12748 12996  8279 12938 12915 12603
 12945 12579 12880 12978 11998 13003 12121 12979] 

iteration: 115 
 particles: [[-630 -446  -47 -516 -392 -388 -298 -412 -630 -507 -117 -478 -385 -479
  -369 -456 -579 -368   -6 -498]]
fitness: [ 9784 12814 10604 12288 12998 13005 12853 12950  9785 12388 11476 12611
 13008 12603 13018 12760 11295 13019  9974 12437] 

iteration: 116 
 particles: [[-586 -385 -244 -489 -439 -512 -143 -496 -630 -306 -600 -477 -508 -474
  -537 -349 -364 -496 -130 -445]]
fitness: [11138 13007 12609 12521 12847 12334 11791 12456  9784 12876 10772 12618
 12377 12641 12023 12975 13019 12456 11665 12819] 

iteration: 117 
 particles: [[-335 -346 -630 -277 -397 -386 -434 -480 -630 -454 -351 -477 -347 -479
  -570 -295 -303 -541 -630 -297]]
fitness: [12955 12972  9784 12775 12989 13005 12868 12596  9784 12771 12976 12619
 12972 12603 11477 12844 12868 11965  9784 12850] 

iteration: 118 
 particles: [[-315 -532 -222 -630 -392 -406 -591 -326 -440 -480 -357 -479 -459 -480
  -100 -395 -474 -247  -95 -530]]
fitness: [ 12906  12091  12429   9785  12997 149911  11016  12936  12842  12595
  13015  12603  12742  12595  11313  12993  12641  12625  11249  12115] 

iteration: 119 
 particles: [[-378 -478 -231 -309 -507 -448   18 -627 -286 -488 -284 -477 -488 -475
    49 -496 -583 -594   52 -603]]
fitness: [13015 12616 12489 12888 12387 12803  9649  9874 12811 12529 12803 12619
 12530 12634  9162 12458 11206 10938  9115 10683] 

iteration: 120 
 particles: [[-537 -421 -592 -513 -297 -440 -613 -525 -539 -298 -415 -477 -493 -478
  -630 -533 -553 -563 -630   73]]
fitness: [ 12021  12920  10991  12323  12849  12843  10398  12181  11994  12853
  12942  12619  12485 100814   9784  12076  11780  11608   9784   8772] 

iteration: 121 
 particles: [[-591 -346 -441 -521 -546 -420 -210 -316 -566 -420 -118 -479 -312 -480
  -630 -142 -189 -322 -242  231]]
fitness: [11016 12973 12837 12230 11891 12924 12343 12909 11553 12924 11487 12604
 12897 12596  9784 11781 12181 12925 12597  6314] 

iteration: 122 
 particles: [[ -25 -418   90 -280 -630 -407 -357 -549 -274 -536 -503 -476 -289 -479
  -535 -325 -180 -266   37 -630]]
fitness: [10288 12930  8492 12788  9784 12965 13016 11843 12762 12036 12427 12626
 12822 12603 12051 12933 12111 12725  9354  9784] 

iteration: 123 
 particles: [[-630 -493 -130 -435 -388 -487 -483 -465 -393 -320 -125 -481 -612 -476
  -125 -523 -630 -624 -588 -630]]
fitness: [ 9784 12485 11665 12863 13003 12538 12571 12702 12995 12921 11565 12587
 10432 12627 11566 12204  9783 10012 11091  9785] 

iteration: 124 
 particles: [[-455 -426 -450 -474 -352 -505 -536 -388 -580 -512  -88 -479 -630 -478
  -579 -471 -551 -265 -517 -630]]
fitness: [12765 12901 12794 12641 12978 12408 12036 13004 11272 12333 11158 12602
  9784 12616 11294 12662 11812 12720 12278  9784] 

iteration: 125 
 particles: [[-265 -397 -587 -456 -568 -387 -136 -448 -240 -369 -539 -476 -266 -479
  -479 -372 -237 -305 -378 -349]]
fitness: [12721 12988 11114 12759 11515 13005 11723 12803 12584 13018 11993 12627
 12725 12603 12604 13017 12567 12874 13015 12975] 

iteration: 126 
 particles: [[-361 -487 -321 -437 -245 -451 -184 -489 -217 -409   37 -478 -216 -476
  -271 -491 -592 -630  290 -332]]
fitness: [ 13018  12538  12923  12855  12614  12787  12144  12521  12394  12959
   9354 101510  12386  12626  12749  12503  10991   9784   5540  12949] 

iteration: 127 
 particles: [[-476 -310 -244 -344 -414 -434 -412 -381 -603 -487 -619 -479 -268 -477
  -291 -309 -630 -240 -229 -489]]
fitness: [12626 12890 12609 12970 12944 12867 12951 13010 10684 12537 10234 12604
 12735 12619 12830 12887  9784 12585 12476 12520] 

iteration: 128 
 particles: [[-426 -291 -441 -491 -590 -485 -305 -397 -554 -376  -78 -476 -573 -478
  -593 -333 -371  -90 -570 -317]]
fitness: [12902 12829 12838 12503 11042 12554 12873 12988 11763 13017 11027 12626
 11418 12617 10967 12952 13017 11184 11476 12913] 

iteration: 129 
 particles: [[-439 -462 -344 -329 -237 -444 -331 -475 -435 -395 -388 -477 -449 -479
  -361 -630 -229 -522  171 -348]]
fitness: [12846 12724 12968 12942 12567 12823 12947 12632 12864 12992 13003 12619
 12798 12605 13018  9784 12476 12218  7211 12974] 

iteration: 130 
 particles: [[-347 -404 -325 -251 -594 -411  -94 -428 -275 -505 -253 -480 -295 -476
  -268 -258 -609 -513 -375 -387]]
fitness: [12972 12972 12933 12648 10939 12953 11236 12894 12766 12408 12659 12596
 12843 12626 12736 12685 10541 12323 13016 13005] 

iteration: 131 
 particles: [[-404 -316 -287 -630 -210 -422 -123 -466 -462 -352 -445 -481 -298 -476
  -630 -322 -572 -210 -630 -415]]
fitness: [12972 12910 12814  9784 12343 12916 11545 12697 12724 12978 12819 12588
 12852 12627  9785 12925 11438 12343  9784 12940] 

iteration: 132 
 particles: [[-431 -581 -455 -363 -504 -496 -630 -454 -570 -443 -357 -476 -470 -477
  -207 -621 -128 -526 -166 -392]]
fitness: [12881 11250 12765 13019 12417 12457  9784 12770 11477 12828 13016 12626
 12669 12618 12321 10151 11596 12167 11996 12996] 

iteration: 133 
 particles: [[-361 -425 -431 -215 -427 -396 -537 -396 -504 -434  -57 -478 -405 -480
  -293 -630 -278 -625 -215 -371]]
fitness: [ 13019  12905  12881  12380  12897  12990  12023  12990  12417  12868
  10744 102035  12970  12595  12837   9783  12779   9967  12380  13017] 

iteration: 134 
 particles: [[-327 -253 -273 -630 -429 -456  -84 -488 -409 -463 -228 -479 -438 -478
  -622  -40 -486 -200 -469 -550]]
fitness: [ 12938  12658  12757   9783  12889  12760  11107  12530  12959  12716
  12471 615344  12849  12616  10107  10505  12547  12267  12676  11828] 

iteration: 135 
 particles: [[-630 -624 -339 -630 -372 -473 -201 -434 -422 -407 -630 -478 -385 -477
  -247 -331 -394 -483  286 -207]]
fitness: [  9784  10013  12962   9784  13017  12648  12274  12868  12917  12964
   9784 102038  13007  12619  12626  12946  12995  12572   5586  12321] 

iteration: 136 
 particles: [[-582 -561 -414 -359 -464 -472 -289 -405 -437 -413 -223 -478 -505 -478
  -321 -630 -326 -493  204 -439]]
fitness: [11229 11644 12944 13017 12709 12656 12822 12971 12855 12948 12436 12617
 12407 12617 12923  9785 12936 12484  6711 12846] 

iteration: 137 
 particles: [[-233 -147 -250 -369 -507 -383 -317 -462 -405 -473 -293 -480 -298 -478
  -630 -404 -419 -364 -591 -481]]
fitness: [12502 11828 12643 13018 12387 13011 12911 12724 12970 12648 12836 12595
 12853 12617  9784 12973 12928 13018 11016 12587] 

iteration: 138 
 particles: [[-505 -630 -198 -585 -457 -532 -251 -495 -477 -355 -171 -478 -502 -478
  -630 -348 -490 -473   77 -448]]
fitness: [12408  9784 12251 11160 12754 12090 12649 12465 12618 13014 12039 12611
 12437 12614  9784 12974 12512 12648  8705 12804] 

iteration: 139 
 particles: [[-554 -630 -251 -327 -386 -336 -328 -343 -376 -524 -104 -477 -315 -478
  -434 -387 -435 -467 -558 -383]]
fitness: [ 11763   9784  12647  12937  13006  12958  12940  12968  13017  12194
  11312  12618  12906 102587  12868  13005  12863  12690  11696  13009] 

iteration: 140 
 particles: [[-299 -236 -406 -494 -511 -523 -333 -450 -407 -510 -630 -478 -358 -478
  -314 -510 -347 -338 -630 -350]]
fitness: [12855 12560 12967 12476 12344 12204 12950 12793 12965 12355  9784 12611
 13016 12617 12904 12355 12972 12960  9784 12976] 

iteration: 141 
 particles: [[-381 -531  -26 -565 -292 -498 -419 -533 -479 -346 -259 -479 -452 -478
  -359 -341 -448 -279 -450 -528]]
fitness: [13012 12103 10301 11571 12833 12437 12927 12077 12603 12972 12690 12603
 12781 12617 13017 12965 12804 12784 12793 12143] 

iteration: 142 
 particles: [[-499 -415 -630 -275 -559 -423 -336 -390 -382 -444 -227 -479 -483 -478
  -449 -371 -413 -552  290 -378]]
fitness: [12428 12940  9784 12767 11679 12913 12956 13001 13011 12823 12463 12603
 12571 12617 12799 13018 12947 11797  5539 13014] 

iteration: 143 
 particles: [[-281 -417 -630 -262 -396 -489 -128 -379 -375 -403 -552 -478 -265 -478
  -482 -519 -345 -548  187 -433]]
fitness: [12792 12934  9785 12706 12990 12520 11596 13014 13017 12976 11796 12617
 12720 12617 12580 12254 12971 11859  6965 12871] 

iteration: 144 
 particles: [[-347 -430  290 -392 -336 -475 -630 -410 -517 -489  132 -479 -611 -478
  -386 -411 -439 -269 -630 -393]]
fitness: [12974 12885  5540 12996 12957 12632  9784 12956 12278 12520  7815 12603
 10467 12617 13006 12954 12847 12740  9784 12995] 

iteration: 145 
 particles: [[-518 -424 -630 -481 -528 -392 -630 -473 -523 -287 -630 -477 -409 -478
  -344 -425 -463 -630   56 -386]]
fitness: [12265 12909  9784 12588 12142 12998  9784 12648 12206 12816  9783 12618
 12960 12616 12970 12905 12716  9784  9050 13006] 

iteration: 146 
 particles: [[-482 -426 -630 -425 -256 -458  -21 -385 -371 -458 -140 -478 -350 -478
  -512 -359 -459 -188 -293 -351]]
fitness: [12580 12902  9785 12905 12675 12747 10230 13007 13018 12747 11762 12617
 12975 12616 12334 13017 12741 12174 12836 12977] 

iteration: 147 
 particles: [[-403 -493  119 -423 -476 -447 -390 -520 -455 -394  -69 -479 -541 -478
  -482 -494 -380 -565 -472 -585]]
fitness: [ 12975  12485   8023  12912  12626  12808  13000  12243  12766  12994
  10908  12604  11964 102851  12580  12476  13012  11571  12655  11160] 

iteration: 148 
 particles: [[-445 -404 -630 -383 -388 -401 -385 -476 -496 -442 -470 -479 -303 -478
  -374 -407 -426 -355 -206 -130]]
fitness: [ 12819  12972   9784  13009  13004  12979  13008  12626  12457  12833
  12669  12603  12869 102858  13017  12966  12901  13015  12313  11664] 

iteration: 149 
 particles: [[-391 -330 -630 -521 -353 -510 -373 -379 -417 -387 -336 -478 -398 -478
  -448 -317 -452 -381 -180 -630]]
fitness: [ 12998  12945   9784  12231  12979  12355  13017  13013  12934  13004
  12957  12616  12986 102858  12804  12912  12783  13012  12111   9785] 

iteration: 150 
 particles: [[-504 -543 -188 -241 -490 -506 -313 -542 -394 -422 -134 -478 -409 -478
  -492 -542 -480 -398 -537 -452]]
fitness: [  12416   11935   12174   12591   12513   12397   12901   11950   12994
   12916   11704   12616   12960 1339207   12494   11951   12595   12986
   12023   12781] 

iteration: 151 
 particles: [[-301 -305 -185 -622 -415 -328 -271 -474 -470 -427 -346 -478 -441 -478
  -430 -299 -372 -475 -630 -271]]
fitness: [12862 12874 12151 10106 12940 12940 12749 12642 12669 12897 12972 12617
 12837 12617 12886 12856 13018 12633  9784 12749] 

iteration: 152 
 particles: [[-273 -358 -576  -94 -367 -580 -579 -333 -338 -331 -404 -480 -368 -478
  -423 -556 -385 -315 -183 -630]]
