iteration: 0 
 particles: [[ 182   41 -535 -533 -504  263 -238   77   88   10  -81 -489 -610 -198
   238  -40 -530 -240 -340 -164]]
fitness: [ 7040  9291 12048 12077 12418  5872 12573  8705  8526  9771 11067 12520
 10503 12252  6213 10504 12117 12585 12964 11980] 

iteration: 1 
 particles: [[-188   17 -411 -427 -190  260 -375 -630 -256 -153 -510 -350 -602 -245
  -630 -630 -255 -255 -339 -258]]
fitness: [ 12174   9665  12954  12898  12189   5911  13016   9782  12676 502377
  12356  12977  10713  12614   9783   9783  12670  12670  12963  12686] 

iteration: 2 
 particles: [[-510 -252   15   80 -459  -75 -344 -630 -473 -300 -218  148   49 -102
  -630 -197  177 -171 -201 -329]]
fitness: [12355 12655  9695  8655 12742 10987 12970  9783 12648 12859 12402  7566
  9163 11339  9783 12244  7117 12038 12275 12943] 

iteration: 3 
 particles: [[-577 -470 -147 -568 -630 -470  -82  -89   31 -216  148  121 -630 -325
  -630  270  185 -178 -257 -387]]
fitness: [11336 12669 11827 11514  9783 12669 11081 11172  9448 12389  7566  7990
  9783 12934  9783  5783  6994 12096 12680 13005] 

iteration: 4 
 particles: [[-210 -350 -359 -630 -594 -323 -329  290  290   32 -237 -630 -630 -340
  -630    8 -630 -291 -150 -127]]
fitness: [12344 12976 13018  9782 10938 12928 12943  5540  5540  9433 12568  9783
  9783 12963  9783  9802  9783 12829 11856 11585] 

iteration: 5 
 particles: [[  43 -166 -359 -438  -66   92 -383 -354 -630 -196 -440  -34 -630  -49
  -437 -342 -249 -232 -152 -428]]
fitness: [ 9258 11997 13016 12850 10867  8459 13010 13014  9783 12235 12842 10419
  9783 10631 12855 12967 12638 12496 11874 12893] 

iteration: 6 
 particles: [[ -66 -183 -306   90  -94  125 -409 -630 -630 -299 -543 -237 -368   92
     3 -507  192 -196 -378 -484]]
fitness: [10866 12136 12878  8492 11236  7927 12959  9783  9784 12856 11935 12566
 13019  8459  9877 12387  6891 12236 13014 12563] 

iteration: 7 
 particles: [[-630 -202 -102  -35 -517 -282 -154 -460 -116 -201  -60 -446   16 -630
  -392    8 -630 -160 -203 -113]]
fitness: [ 9783 12283 11339 10432 12277 12796 11891 12736 11463 12275 10785 12813
  9680  9783 12997  9802  9784 11945 12291 11425] 

iteration: 8 
 particles: [[-182 -441 -374 -630 -200 -629 -356  146  159  -27 -378 -297  -40 -254
  -592 -333 -320 -128  -62 -320]]
fitness: [12127 12837 13017  9782 12267  9773 13014  7595  7397 10317 13015 12849
 10504 12665 10991 12951 12921 11596 10812 12920] 

iteration: 9 
 particles: [[  45   30 -563 -630 -224    0 -439   83  -36  -74 -457 -103 -463   62
   290 -621  121 -238 -177 -503]]
fitness: [ 9227  9464 11609  9783 12442  9922 12846  8606 10447 10974 12753 11351
 12717  8953  5541 10150  7991 12574 12087 12427] 

iteration: 10 
 particles: [[-455  -15 -441   21 -444  226  -77 -630 -447 -392  -60 -171 -494 -438
  -560 -190 -630 -412 -399  159]]
fitness: [12765 10143 12838  9604 12824  6386 11015  9782 12808 12997 10785 12040
 12475 12850 11661 12189  9783 12951 12985  7397] 

iteration: 11 
 particles: [[-630 -630  145 -418 -553 -630 -350 -432 -630   86  -59 -490  278 -547
  -630  221  136 -347  -95 -402]]
fitness: [ 9783  9783  7611 12931 11780  9782 12976 12876  9783  8557 10771 12512
  5681 11873  9783  6456  7752 12973 11249 12978] 

iteration: 12 
 particles: [[-578  146 -225 -508 -536 -630 -523 -210  207   73 -587 -117 -325 -272
    54 -287  199   14 -330 -630]]
fitness: [11315  7596 12450 12377 12036  9783 12205 12344  6666  8772 11113 11475
 12933 12754  9082 12816  6787  9710 12945  9783] 

iteration: 13 
 particles: [[ 202  110 -541  189  290  264 -459 -186  290 -598 -116  -47 -630  -61
  -493 -630  -66 -136 -267   85]]
fitness: [ 6742  8166 11964  6936  5539  5859 12742 12159  5540 10826 11463 10604
  9782 10798 12484  9783 10866 11725 12730  8574] 

iteration: 14 
 particles: [[-123 -446  170 -219 -533  290  163 -183   34 -543  -54 -502 -522 -358
  -248 -574 -365 -415 -162 -188]]
fitness: [11545 12814  7226 12409 12077  5540  7335 12136  9400 11935 10701 12437
 12218 13017 12632 11398 13018 12941 11963 12175] 

iteration: 15 
 particles: [[-630 -630 -533 -630 -630 -630 -371 -409 -630  290  -86 -201  -26 -376
  -185 -110 -610 -305 -425 -486]]
fitness: [ 9783  9783 12076  9783  9783  9783 13018 12960  9782  5540 11133 12275
 10303 13014 12151 11388 10503 12874 12905 12546] 

iteration: 16 
 particles: [[ -13 -630 -630 -630   83 -601 -630 -180 -551  290 -454   35 -346    0
  -199   78 -213  -84 -277 -182]]
fitness: [10113  9782  9783  9783  8606 10742  9783 12112 11811  5540 12771  9386
 12972  9922 12259  8689 12365 11107 12775 12128] 

iteration: 17 
 particles: [[-309  290  290   65   78  227 -345 -257   60  105 -462  -77 -630 -183
  -191 -468 -126  -37 -115 -210]]
fitness: [12887  5540  5540  8904  8689  6370 12970 12682  8985  8246 12724 11015
  9782 12135 12197 12684 11576 10461 11451 12343] 

iteration: 18 
 particles: [[-287 -340 -569  106 -219  290  -99 -308  206 -472 -378 -581  290 -470
  -378  -94 -186 -630 -238 -411]]
fitness: [12816 12965 11496  8230 12408  5540 11301 12883  6681 12655 13014 11250
  5540 12669 13014 11237 12159  9783 12573 12953] 

iteration: 19 
 particles: [[ -65 -630 -587 -630 -630 -107    1 -208 -469 -362  -98 -630  148 -467
  -186   15 -257 -565 -378 -326]]
fitness: [10853  9782 11113  9783  9783 11350  9907 12329 12675 13018 11288  9782
  7566 12689 12159  9695 12680 11571 13014 12936] 

iteration: 20 
 particles: [[  36 -397  290 -630 -297 -630 -291 -287 -630   66 -293  134 -486  252
  -179 -630 -140  290  -42 -195]]
fitness: [ 9369 12988  5539  9782 12849  9783 12829 12816  9783  8887 12836  7783
 12546  6021 12104  9783 11762  5539 10533 12228] 

iteration: 21 
 particles: [[-486  162 -630   19  155 -292 -539 -182 -441  -60 -477  290 -630 -104
  -395 -448 -271 -228 -506  -99]]
fitness: [12548  7351  9782  9634  7459 12834 11994 12128 12837 10784 12618  5540
  9783 11313 12992 12804 12749 12470 12398 11300] 

iteration: 22 
 particles: [[ -88 -495 -559 -498  -20  170 -387 -304  201 -384  165 -630 -339 -470
  -478  121 -368 -609 -630 -408]]
fitness: [11159 12466 11678 12439 10215  7226 13004 12871  6757 13010  7304  9783
 12962 12670 12611  7990 13019 10539  9783 12962] 

iteration: 23 
 particles: [[-243 -630  261 -630 -630  -76 -231 -128 -485 -289 -155 -630  202 -416
   -76  290 -226  165 -320 -526]]
fitness: [12603  9783  5898  9783  9784 11001 12489 11596 12554 12822 11901  9783
  6742 12937 11001  5540 12457  7304 12920 12167] 

iteration: 24 
 particles: [[-206 -142  290 -404 -308 -630 -190 -140 -623 -157 -422  290 -630 -200
  -264  -12 -135  194   -2 -299]]
fitness: [12313 11781  5539 12972 12885  9782 12189 11763 10059 11919 12917  5539
  9782 12267 12716 10099 11714  6861  9952 12856] 

iteration: 25 
 particles: [[ -83   -9 -630  -83   97  183 -111 -195 -277  -46 -502  290 -365 -238
  -373 -630 -475 -401 -630    8]]
fitness: [11094 10056  9783 11094  8378  7025 11402 12227 12776 10589 12436  5539
 13019 12573 13017  9783 12634 12980  9783  9802] 

iteration: 26 
 particles: [[ -67 -630 -630 -311 -201 -355 -595 -491   45 -148   54 -630  227 -232
  -247 -383  -15 -456   92  184]]
fitness: [10879  9784  9783 12895 12275 13015 10909 12503  9227 11837  9083  9782
  6370 12496 12626 13010 10142 12759  8459  7010] 

iteration: 27 
 particles: [[-619   26  187 -306 -347 -430 -470 -115 -630 -235   52 -429  289 -403
  -275   87 -505 -293  255 -149]]
fitness: [ 10233   9526   6964  12877  12972  12884  12669  11450   9783  12555
   9115  12889   5551  12975  12767   8541  12408  12837   5979 435093] 

iteration: 28 
 particles: [[-453  112  209 -279 -289 -267  235  -76 -630  -80 -630  115 -630  -87
  -419   -1 -450 -259 -630 -411]]
fitness: [12776  8133  6636 12784 12822 12731  6256 11001  9783 11053  9783  8086
  9782 11146 12927  9936 12793 12691  9783 12953] 

iteration: 29 
 particles: [[  -7 -482 -510 -283 -106 -205 -550 -217   46 -183 -630  -49 -630 -305
   -29 -482   -5 -365 -630 -286]]
fitness: [10026 12580 12355 12799 11338 12306 11826 12395  9211 12135  9783 10632
  9783 12875 10347 12579  9996 13019  9782 12812] 

iteration: 30 
 particles: [[  61 -536 -630 -385 -126 -105 -265 -455  290 -203  -93 -362 -630 -407
  -397  -42  -56  -27 -314   64]]
fitness: [ 8969 12036  9783 13008 11576 11326 12720 12766  5540 12290 11224 13018
  9783 12965 12987 10533 10729 10316 12903  8920] 

iteration: 31 
 particles: [[ -47 -389 -144 -381 -464 -205 -131   76 -250 -105  178 -358 -576 -406
  -504 -150 -287 -275  -34 -248]]
fitness: [10603 13002 11800 13011 12709 12306 11675  8722 12643 11325  7102 13017
 11357 12968 12418 11856 12814 12765 10418 12631] 

iteration: 32 
 particles: [[-415  189   53   -6   23 -429 -385 -492 -630 -208 -630  -82  290 -252
  -453 -585 -428 -397  -93 -260]]
fitness: [12940  6935  9098 10010  9572 12889 13008 12494  9783 12329  9783 11079
  5539 12654 12777 11161 12894 12988 11223 12696] 

iteration: 33 
 particles: [[-608 -630 -630 -356  285 -316 -410 -168 -327 -163 -630 -246   19 -238
  -259  -93   94 -128 -444   14]]
fitness: [10574  9783  9782 13016  5598 12909 12956 12014 12938 11971  9783 12620
  9634 12573 12690 11224  8427 11596 12823  9711] 

iteration: 34 
 particles: [[ 100 -630 -192 -298 -286  -85 -179  -11  -32  -99  290 -286 -630 -300
  -107   14 -426  -18 -398  111]]
fitness: [ 8328  9783 12204 12854 12811 11120 12104 10085 10390 11301  5540 12812
  9783 12860 11350  9710 12902 10187 12986  8150] 

iteration: 35 
 particles: [[-630    9  132  -65 -630  -79  -94 -463   -3 -252  290 -336 -540 -124
  -388 -435 -620 -630 -169 -385]]
fitness: [ 9783  9787  7816 10854  9783 11041 11236 12717  9967 12655  5540 12957
 11980 11555 13003 12863 10193  9783 12022 13007] 

iteration: 36 
 particles: [[-533   50  213 -440 -413 -489 -174 -621 -615 -134 -630 -254   -7  -76
  -188 -538 -285 -538 -225 -313]]
fitness: [12077  9146  6575 12842 12947 12520 12063 10150 10327 11704  9782 12665
 10025 11000 12174 12008 12808 12007 12450 12901] 

iteration: 37 
 particles: [[  98 -494 -630 -156  111 -458 -468 -367 -630  -89 -630 -102 -199 -272
   -21 -226   -7   30 -225    7]]
fitness: [ 8362 12475  9783 11910  8150 12748 12683 13019  9782 11172  9783 11338
 12259 12754 10230 12457 10025  9464 12451  9817] 

iteration: 38 
 particles: [[ 114 -356 -630 -269 -317  250 -483  -25  290 -221  -50 -465 -363 -488
  -630   21 -513  -51 -313 -169]]
fitness: [ 8102 13015  9783 12740 12913  6048 12571 10288  5540 12423 10646 12704
 13019 12530  9783  9604 12322 10660 12901 12023] 

iteration: 39 
 particles: [[-630 -185  290 -317 -397  103  -54 -159  149 -141 -396 -510 -185 -494
  -330 -308 -197 -207 -211 -290]]
fitness: [ 9783 12151  5540 12912 12989  8278 10701 11936  7550 11772 12990 12355
 12152 12475 12945 12884 12244 12321 12352 12825] 

iteration: 40 
 particles: [[-452 -247 -630 -201 -447  -48   -2 -400 -630 -107 -409  101 -187  149
     3 -629 -248 -321 -123  128]]
fitness: [12782 12626  9783 12275 12808 10618  9952 12982  9782 11351 12960  8312
 12167  7550  9876  9774 12632 12923 11545  7880] 

iteration: 41 
 particles: [[ 115 -127 -630 -121 -106 -573  -44 -339 -519 -131 -188 -141 -314  182
  -406  148 -329 -177 -252 -232]]
fitness: [ 8085 11586  9783 11524 11338 11417 10562 12963 12254 11675 12174 11771
 12904  7041 12968  7565 12943 12089 12653 12495] 

iteration: 42 
 particles: [[ 282 -117  244 -302 -186 -630 -440 -163  290 -177 -267 -589 -233 -630
  -630   92 -245 -166 -539 -444]]
fitness: [ 5634 11475  6129 12865 12158  9783 12842 11972  5540 12088 12730 11065
 12503  9783  9782  8460 12615 11997 11993 12824] 

iteration: 43 
 particles: [[-630 -383 -271 -420 -229 -325 -537  -46 -630 -137 -436 -206 -115 -630
   290 -630 -167 -313  234  290]]
fitness: [ 9783 13010 12748 12923 12477 12933 12022 10590  9783 11734 12859 12314
 11451  9783  5539  9783 12006 12900  6271  5540] 

iteration: 44 
 particles: [[-630 -265 -620 -472 -474    5   44 -630 -630 -141  -13  -83 -130  290
  -104 -630 -305 -365 -156 -630]]
fitness: [ 9782 12721 10192 12655 12641  9846  9244  9782  9782 11772 10114 11095
 11665  5539 11312  9783 12874 13019 11910  9783] 

iteration: 45 
 particles: [[ 290  -68 -142 -102 -401 -630 -236 -258 -630 -170   27 -630 -179 -457
  -630   60 -204 -224 -630  290]]
fitness: [ 5540 10894 11781 11338 12979  9783 12561 12685  9783 12032  9510  9783
 12104 12753  9782  8986 12299 12443  9783  5540] 

iteration: 46 
 particles: [[-539 -291   93   19   96 -579 -327  -44  290 -151  -37 -164 -381 -552
  -178 -167 -384 -339  -93 -549]]
fitness: [11994 12829  8443  9634  8394 11294 12938 10561  5540 11865 10462 11980
 13012 11796 12096 12005 13010 12962 11223 11844] 

iteration: 47 
 particles: [[-630 -427 -630 -404 -630  290 -328 -471 -630 -142 -630   49 -100  -52
   103 -412 -372 -274  -23 -518]]
fitness: [ 9782 12898  9783 12973  9783  5540 12940 12662  9783 11781  9783  9163
 11314 10674  8278 12950 13018 12762 10259 12265] 

iteration: 48 
 particles: [[  53 -229 -364 -575 -630 -294 -277 -120 -630 -175 -420 -630    4  115
  -495 -467 -237  -38 -630 -273]]
fitness: [ 9099 12476 13018 11378  9783 12841 12775 11513  9783 12072 12925  9783
  9862  8085 12466 12690 12568 10476  9783 12758] 

iteration: 49 
 particles: [[-583 -259 -162  166  -64 -630 -152 -327  197 -130   14 -133 -630  -97
  -563  -89 -344 -340   64  136]]
fitness: [11206 12691 11962  7288 10840  9783 11874 12939  6817 11665  9711 11695
  9782 11275 11608 11172 12968 12963  8920  7751] 

iteration: 50 
 particles: [[-349 -253 -378 -630 -491 -630 -151 -296 -397 -124   57 -167 -630 -630
   283 -217 -363 -168  204 -149]]
fitness: [12975 12659 13015  9782 12504  9782 11865 12847 12989 11554  9034 12005
  9783  9783  5622 12394 13017 12015  6711 11847] 

iteration: 51 
 particles: [[ -70 -201  -73 -579 -177  164 -272 -334 -630 -157 -431 -177 -176 -369
   290 -583 -366 -132 -630 -336]]
fitness: [ 10920  12276  10960  11294  12089   7319  12754 293254   9783  11919
  12881  12088  45327  13019   5539  11206  13019  11684   9783  12956] 

iteration: 52 
 particles: [[-483 -232 -324   62 -160 -250 -492 -284  290 -169 -174 -304  152   44
  -262 -282 -220 -241 -461  -56]]
fitness: [12571 12496 12931  8953 11945 12643 12495 12804  5540 12023 12064 12872
  7504  9242 12706 12796 12415 12591 12729 10729] 

iteration: 53 
 particles: [[   2 -198 -161 -382 -188 -392 -280  -87 -375 -151 -154 -361  -53 -117
  -630  -25 -186 -216  149   51]]
fitness: [ 9892 12251 11954 13011 12174 12997 12787 11146 13016 11865 11891 13018
 10688 11475  9782 10288 12159 12388  7550  9131] 

iteration: 54 
 particles: [[  -2 -239 -406 -211 -418   26 -299 -164 -630 -140 -144 -327 -474 -571
    29 -424 -418 -256 -500 -211]]
fitness: [ 9952 12580 12968 12351 12931  9525 12857 11980  9782 11763 11800 12938
 12640 11456  9480 12910 12931 12675 12417 12351] 

iteration: 55 
 particles: [[-630 -424 -347 -207 -500 -428  -69 -302  290 -163 -433 -227 -566 -472
   -25 -331 -192 -109 -546 -215]]
fitness: [ 9783 12909 12973 12321 12417 12892 10907 12865  5540 11972 12872 12463
 11554 12656 10288 12947 12204 11376 11890 12379] 

iteration: 56 
 particles: [[-140   11 -314 -163 -286 -307 -460 -318 -260 -157 -199 -296  290  220
  -617 -261 -232 -458  290  -50]]
fitness: [11762  9756 12903 11971 12812 12881 12736 12915 12696 11919 12259 12845
  5539  6472 10253 12701 12495 12747  5540 10646] 

iteration: 57 
 particles: [[ -20 -522 -323 -269 -205  -22 -476 -141 -565 -143 -309 -246 -620 -218
  -630 -235 -231 -104  290 -141]]
fitness: [10215 12218 12929 12740 12307 10244 12626 11771 11571 11791 12887 12620
 10192 12402  9784 12554 12490 11312  5539 11772] 

iteration: 58 
 particles: [[-122   32 -177 -455 -385  -35  -76 -262    8 -172 -415 -112 -298 -615
     3 -381 -448 -464 -630 -204]]
fitness: [11535  9433 12088 12764 13008 10433 11001 12706  9801 12047 12940 11413
 12853 10328  9877 13012 12804 12711  9784 12299] 

iteration: 59 
 particles: [[-486 -157 -164  -19 -228 -291 -447 -255 -386 -126 -314 -117   32 -139
  -283 -130 -257 -491 -630 -196]]
fitness: [12545 11919 11980 10201 12470 12831 12807 12670 13005 11576 12903 11475
  9433 11752 12800 11665 12681 12503  9784 12236] 

iteration: 60 
 particles: [[-373 -436 -468 -417 -328 -448  -84  -94 -560 -160 -344 -586   16   -2
  -478 -443 -257 -170  -59  -94]]
fitness: [13017 12859 12683 12934 12942 12804 11106 11236 11662 11945 12969 11139
  9680  9952 12611 12828 12681 12030 10771 11236] 

iteration: 61 
 particles: [[ -41 -202 -299 -205 -395 -395 -224 -429   63 -167 -308 -494 -262 -213
    -5 -586 -347  -90   37  -90]]
fitness: [10519 12283 12856 12306 12992 12993 12443 12890  8936 12005 12884 12475
 12707 12366  9995 11138 12973 11184  9354 11184] 

iteration: 62 
 particles: [[-238 -266  -69 -142    0 -248 -319 -122 -183 -142 -404  153 -136 -411
  -551 -301 -320 -245 -595 -323]]
fitness: [12572 12726 10907 11781  9923 12632 12918 11535 12135 11781 12972  7489
 11724 12953 11811 12863 12921 12614 10909 12929] 

iteration: 63 
 particles: [[-356 -174  -56 -245 -100 -283 -341 -142 -508 -161 -197 -142 -163 -422
  -523   35 -183 -490 -145 -107]]
fitness: [13015 12063 10730 12615 11313 12800 12964 11781 12376 11954 12243 11781
 11971 12917 12206  9386 12135 12511 11809 11350] 

iteration: 64 
 particles: [[-311 -397 -327 -337 -606 -117 -367 -369  -57 -156  -90 -387 -182   99
  -166 -311 -181 -381 -194  -15]]
fitness: [12895 12989 12938 12959 10644 11475 13019 13018 10744 11910 11185 13004
 12128  8344 11997 12893 12120 13011 12220 10142] 

iteration: 65 
 particles: [[-167 -359 -269 -260 -197 -341  -58 -178    1 -146 -607  -73 -134 -630
  -171 -435 -202   66 -488 -313]]
fitness: [12005 13017 12740 12695 12243 12965 10757 12096  9907 11819 10609 10961
 11704  9783 12039 12864 12284  8887 12529 12900] 

iteration: 66 
 particles: [[-275    5 -235 -224    1 -452   26 -272 -233 -149   -2 -293 -173 -630
  -242   -4 -373 -475  -29 -247]]
fitness: [ 12767   9847  12554  12443   9906  12781   9525  12753  12502 406690
   9951  12836  12056   9783  12598   9981  13017  12634  10346  12626] 

iteration: 67 
 particles: [[-274 -584  -78 -332 -630 -211 -630 -312 -549 -155 -203 -464 -156  290
  -223 -160 -275 -479   45  -88]]
fitness: [12763 11183 11027 12949  9783 12351  9783 12897 11843 11901 12291 12709
 11910  5540 12436 11945 12766 12603  9227 11158] 

iteration: 68 
 particles: [[-279 -630 -109 -112 -630 -226 -122 -236  -89 -157 -487  129 -148  -47
  -186 -630 -238    6 -630 -191]]
fitness: [12783  9783 11375 11413  9783 12456 11534 12561 11172 11919 12537  7864
 11837 10604 12159  9783 12573  9832  9783 12197] 

iteration: 69 
 particles: [[-237   42 -355  -68  290 -275 -152 -186 -119 -154 -114 -171 -148 -630
  -238 -224 -142 -618 -172 -159]]
fitness: [12566  9275 13015 10893  5539 12767 11874 12159 11500 11892 11438 12038
 11837  9783 12573 12442 11782 10274 12047 11937] 

iteration: 70 
 particles: [[-397   16 -493 -530 -270 -274 -378 -390 -630 -151  -11 -434 -173   59
  -434  -23 -174 -630  -70 -112]]
fitness: [12988  9680 12485 12116 12744 12762 13014 13000  9783 11864 10085 12869
 12055  9001 12867 10258 12064  9782 10921 11413] 

iteration: 71 
 particles: [[ -14 -159 -305 -325 -630 -123 -140 -191 -216 -154 -226 -331 -184  166
   -71 -203 -386  290 -630 -138]]
fitness: [10128 11937 12874 12933  9783 11545 11762 12197 12387 11892 12456 12947
 12143  7289 10934 12291 13007  5540  9783 11742] 

iteration: 72 
 particles: [[-393 -630 -133 -179  290 -349 -273 -310  -73 -154 -563 -291 -175 -630
  -273 -270 -362 -232    1 -173]]
fitness: [12996  9783 11694 12105  5540 12975 12757 12891 10960 11892 11607 12830
 12072  9783 12759 12743 13018 12495  9906 12056] 

iteration: 73 
 particles: [[-509 -272 -377 -416 -630 -203 -446 -342 -572 -152 -112 -198 -154 -630
  -223 -263  -36 -630 -340 -170]]
fitness: [12366 12753 13015 12938  9783 12291 12814 12968 11437 11874 11413 12252
 11893  9783 12437 12711 10447  9783 12963 12030] 

iteration: 74 
 particles: [[ 269   13 -284 -217 -630 -249 -295 -208 -537 -151 -392 -190 -178  290
  -167 -272 -479 -128 -520 -157]]
fitness: [ 5797  9726 12804 12393  9783 12637 12844 12329 12023 11864 12997 12189
 12096  5539 12005 12753 12603 11597 12242 11919] 

iteration: 75 
 particles: [[-398   70 -102 -315 -479 -232 -203 -229  270 -155 -321 -474 -158 -630
  -374 -144 -262  -16  -41 -141]]
fitness: [12985  8821 11339 12906 12603 12497 12291 12476  5783 11901 12923 12641
 11927  9783 13016 11800 12706 10157 10519 11771] 

iteration: 76 
 particles: [[-348 -630 -245 -211  283 -250  -95 -376 -630 -152 -285   40 -166 -448
  -461 -453 -149 -394 -377 -143]]
fitness: [12974  9784 12615 12350  5622 12643 11249 13016  9783 11874 12807  9307
 11997 12804 12728 12776 11847 12994 13015 11791] 

iteration: 77 
 particles: [[ -55 -201 -225  -94 -439 -197 -386 -298 -461 -153 -162   36 -179   50
  -402 -120 -507 -317 -167 -157]]
fitness: [10715 12275 12451 11237 12847 12242 13006 12852 12729 11883 11962  9369
 12105  9147 12976 11512 12388 12912 12005 11919] 

iteration: 78 
 particles: [[-328    2 -259 -472 -601 -241 -244 -127  138 -153 -197 -316 -156 -364
    -7  -29  -56 -264 -135 -155]]
fitness: [12941  9892 12690 12655 10743 12591 12608 11585  7719 11881 12243 12909
 11910 13019 10025 10346 10729 12716 11713 11901] 

iteration: 79 
 particles: [[-414 -621 -259   -2 -243 -229 -302 -361  156 -153 -248 -371 -144 -216
  -375 -448 -274 -168 -576 -144]]
fitness: [ 12945  10150  12691   9951  12602  12476  12866  13017   7443 773397
  12632  13018  11800  12387  13015  12804  12762  12014  11357  11800] 

iteration: 80 
 particles: [[  42 -342 -151 -630 -158 -205 -196 -110 -630 -153 -379  -67 -157 -312
  -526 -408 -490 -212 -264 -151]]
fitness: [ 9274 12965 11865  9783 11929 12306 12235 11389  9783 11882 13013 10880
 11919 12898 12167 12962 12512 12359 12716 11865] 

iteration: 81 
 particles: [[-436  -33 -113   76 -240 -147 -134 -187 -630 -153  -56   20 -189 -182
  -127 -224 -372 -422  -91 -152]]
fitness: [  12859   10404   11425    8722   12585   11828   11704   12166    9784
 1409694   10730    9618   12181   12127   11586   12443   13018   12917
   11198   11875] 

iteration: 82 
 particles: [[-115 -235 -582   65 -262 -169 -243 -272  290 -153 -409 -630 -140 -244
  -152 -267  -69 -302 -627 -149]]
fitness: [  11450   12554   11228    8904   12705   12022   12603   12753    5540
 1411444   12959    9783   11762   12608   11875   12730   10907   12865
    9874   11847] 

iteration: 83 
 particles: [[-324 -454 -409 -424 -253 -449 -387 -329 -630 -153 -397 -297 -188 -337
  -350 -305 -180  -63   19 -154]]
fitness: [12932 12771 12959 12909 12660 12798 13004 12943  9784 11882 12989 12849
 12174 12958 12976 12873 12111 10826  9635 11892] 

iteration: 84 
 particles: [[-249   58   29  -41 -128   75 -302  -28   11 -153 -347  -83 -169 -257
  -179 -343 -301 -630  113 -146]]
fitness: [12637  9018  9479 10519 11596  8739 12864 10331  9756 11882 12973 11094
 12023 12681 12104 12969 12862  9783  8117 11819] 

iteration: 85 
 particles: [[-233 -584 -501 -330 -157 -537 -127 -377 -630 -153 -113 -198 -143 -292
  -226 -359 -391  145  -81 -151]]
fitness: [ 12502  11183  12408  12945  11919  12021  11587  13015   9784 189382
  11425  12251  11791  12833  12456  13018  12999   7611  11067  11865] 

iteration: 86 
 particles: [[-453  244  -39 -495 -492 -223 -440 -259  277 -153 -295 -301 -214 -215
  -208 -262  -82 -630 -630 -154]]
fitness: [12776  6129 10490 12466 12494 12436 12843 12690  5694 11883 12844 12862
 12373 12380 12328 12706 11081  9784  9784 11892] 

iteration: 87 
 particles: [[-155 -227 -424  107   65 -123 -339 -203 -118 -153 -303 -261 -123 -223
  -293 -244 -466 -479 -214 -152]]
fitness: [  11902   12463   12910    8215    8903   11545   12962   12290   11487
 1316221   12869   12701   11546   12436   12836   12609   12697   12603
   12374   11874] 

iteration: 88 
 particles: [[-311 -405 -388  144 -474 -197   73 -322 -612 -153 -290 -381 -120 -329
  -310 -246 -386  -89 -131 -146]]
fitness: [  12894   12970   13003    7626   12642   12244    8772   12925   10432
 1319582   12826   13012   11512   12943   12891   12621   13006   11172
   11675   11819] 

iteration: 89 
 particles: [[-222 -154  -63 -508   15 -375 -384 -351  255 -153 -230 -213 -135 -119
  -427  -74   42 -175 -428 -147]]
fitness: [  12429   11892   10825   12377    9695   13016   13008   12976    5980
 1319583   12483   12365   11714   11500   12897   10975    9274   12072
   12894   11828] 

iteration: 90 
 particles: [[-324  -50 -299 -538  117  -40 -246 -356 -191 -153 -343 -253 -193 -204
  -256 -142 -630 -491 -404 -161]]
fitness: [12932 10646 12855 12008  8054 10505 12620 13016 12196 11883 12968 12659
 12212 12299 12675 11781  9783 12502 12972 11954] 

iteration: 91 
 particles: [[-188 -630 -160   91 -267 -237 -347 -302 -412 -153 -111 -314 -177 -342
  -136 -372 -607   38  -76 -155]]
fitness: [  12174    9784   11944    8476   12730   12566   12974   12865   12951
 1118514   11401   12904   12088   12967   11724   13018   10609    9338
   11001   11901] 

iteration: 92 
 particles: [[-145  -46 -483 -630 -411 -272 -254  -68  -43 -153 -551 -293 -130 -123
  -180 -393 -279    4 -429 -143]]
fitness: [ 11809  10589  12571   9784  12953  12753  12665  10893  10547 206798
  11811  12836  11665  11545  12111  12995  12784   9861  12890  11791] 

iteration: 93 
 particles: [[-280 -106 -380 -103 -214 -349 -322 -135 -555 -153 -373 -235 -145 -207
  -458  -58 -183 -521 -518 -154]]
fitness: [ 12787  11338  13013  11299  12373  12975  12926  11713  11746 206798
  13016  12555  11809  12321  12748  10757  12136  12229  12265  11892] 

iteration: 94 
 particles: [[-152 -497   53 -360 -444 -221 -263 -477   16 -153 -280 -417 -177 -318
  -196 -225 -438 -582 -282 -153]]
fitness: [  11874   12448    9098   13018   12823   12422   12711   12618    9679
 1552347   12787   12934   12088   12915   12236   12450   12851   11228
   12795  234018] 

iteration: 95 
 particles: [[-125 -415   17 -331  105  -96 -275 -456 -452 -153 -368 -331 -186 -385
  -282 -481 -179 -292 -121 -145]]
fitness: [  11565   12942    9664   12947    8246   11262   12766   12760   12781
 1767332   13018   12947   12159   13007   12796   12587   12105   12833
   11524   11810] 

iteration: 96 
 particles: [[-432 -281 -604 -284 -452 -263 -100 -266 -341 -153 -118 -219 -164 -101
  -182  118 -286 -143 -121 -154]]
fitness: [ 12877  12792  10707  12804  12783  12711  11313  12726  12965 234019
  11487  12408  11980  11326  12128   8039  12810  11790  11525  11892] 

iteration: 97 
 particles: [[ -21  -18 -229 -321 -262 -255 -317 -244  -22 -153 -290 -217 -156 -465
  -355 -122 -333 -475 -389 -149]]
fitness: [ 10229  10187  12477  12923  12706  12670  12913  12609  10244 267049
  12827  12394  11910  12703  13015  11534  12951  12634  13002 426302] 

iteration: 98 
 particles: [[-630 -360 -188 -189 -108 -327 -202 -156 -343 -153 -230 -198 -160   11
  -346 -441 -326 -211 -111 -149]]
fitness: [  9783  13018  12174  12181  11363  12938  12283  11911  12968  11883
  12484  12252  11944   9756  12972  12838  12936  12351  11401 426301] 

iteration: 99 
 particles: [[-281 -102 -367 -102 -304 -280 -422 -466 -414 -153 -267 -318 -181 -630
  -126  -92 -127 -252 -360 -152]]
fitness: [ 12792  11339  13019  11339  12871  12789  12917  12696  12944 267049
  12730  12915  12120   9784  11576  11211  11586  12654  13018  11874] 

