iteration: 0 
 particles: [[ 289 -392 -576 -627 -495 -583 -507 -524   -2  -47    7  217  196  136
  -162 -491 -356 -126 -388  152]]
fitness: [ 5552 12998 11357  9873 12466 11205 12387 12193  9952 10604  9817  6515
  6831  7751 11963 12503 13016 11575 13004  7504] 

iteration: 1 
 particles: [[ 108 -389 -332 -328 -267 -309 -231 -330 -191 -383 -630 -199   28 -630
  -539 -370 -356 -500 -348  -16]]
fitness: [ 8198 13002 12948 12940 12730 12887 12490 12945 12196 13010  9783 12261
  9495  9782 11995 13019 13015 12418 12975 10158] 

iteration: 2 
 particles: [[-630 -380 -135  -72 -227 -123 -164 -200 -390 -630 -533 -630 -630 -630
  -565 -263 -382 -627 -403 -389]]
fitness: [ 9783 13013 11713 10947 12464 11545 11980 12268 13001  9782 12076  9782
  9784  9782 11571 12712 13010  9873 12976 13002] 

iteration: 3 
 particles: [[-630 -359 -388 -238 -363 -424 -599 -508 -559 -630 -280   74 -630 -508
  -286 -268 -387 -618 -428 -630]]
fitness: [ 9782 13018 13004 12574 13018 12910 10799 12376 11678  9783 12788  8755
  9782 12377 12810 12735 13005 10273 12894  9784] 

iteration: 4 
 particles: [[-630 -354 -596 -598 -492 -578 -228 -313 -442  -44 -108  240 -630 -388
   -71 -484 -319 -222 -429 -630]]
fitness: [ 9782 13013 10880 10827 12493 11314 12470 12900 12834 10561 11363  6185
  9782 13003 10934 12563 12918 12430 12890  9783] 

iteration: 5 
 particles: [[-444 -370 -106  -24 -471 -568 -118 -241 -263  -79  -62 -630 -519 -269
  -630 -404 -330 -110 -273 -408]]
fitness: [12824 13019 11338 10272 12663 11516 11487 12590 12711 11041 10812  9782
 12254 12740  9783 12972 12944 11389 12758 12962] 

iteration: 6 
 particles: [[-291 -383   72 -552 -267   14 -328 -504 -321 -630 -625 -630 -149 -582
  -385 -286 -440 -500 -499 -177]]
fitness: [12828 13010  8789 11795 12730  9711 12941 12417 12924  9783  9965  9783
 11847 11227 13007 12811 12842 12419 12428 12088] 

iteration: 7 
 particles: [[-187 -355 -630 -229 -366 -110 -562 -373 -506 -630 -630  -57 -247 -504
  -173 -341 -300 -291 -535 -414]]
fitness: [12166 13015  9783 12476 13019 11388 11626 13017 12397  9782  9782 10743
 12626 12418 12056 12964 12859 12829 12050 12944] 

iteration: 8 
 particles: [[-187 -369 -630 -193 -445 -630   12 -267 -376 -274    0   48 -542 -328
  -383 -446 -374 -271 -465 -505]]
fitness: [12166 13018  9782 12211 12819  9783  9740 12730 13015 12763  9922  9179
 11951 12940 13011 12813 13017 12749 12703 12408] 

iteration: 9 
 particles: [[-398 -381 -523 -360 -359 -630 -595 -511 -273 -181 -359 -307 -361 -292
  -534 -439 -429 -409 -317 -144]]
fitness: [12986 13012 12206 13018 13017  9783 10908 12344 12759 12120 13016 12881
 13017 12833 12063 12846 12889 12959 12912 11800] 

iteration: 10 
 particles: [[-538 -368  -61 -500 -308 -179 -480 -443 -459 -541 -630 -598 -242 -378
  -436 -300 -284 -442 -328  -14]]
fitness: [12008 13018 10799 12417 12884 12104 12596 12829 12741 11965  9783 10827
 12597 13015 12858 12859 12803 12833 12941 10128] 

iteration: 11 
 particles: [[-193 -365 -630 -412 -330 -135 -216 -298 -385 -598 -323 -163 -555 -437
  -192 -338 -402 -301 -422 -630]]
fitness: [12212 13019  9783 12950 12946 11715 12387 12853 13006 10828 12928 11971
 11747 12855 12204 12961 12978 12863 12916  9783] 

iteration: 12 
 particles: [[-347 -381 -630 -187 -454 -578 -156 -312 -284 -237 -184 -431 -481 -374
  -138 -406 -403 -423 -364 -260]]
fitness: [12973 13011  9782 12167 12771 11315 11910 12898 12804 12567 12144 12881
 12588 13016 11743 12967 12976 12913 13019 12696] 

iteration: 13 
 particles: [[-543 -377  115 -211 -482 -438 -436 -447 -235 -141 -348 -500 -116 -324
  -178 -397 -319 -456 -327  -61]]
fitness: [11936 13014  8086 12352 12580 12851 12859 12809 12554 11772 12974 12418
 11463 12931 12096 12988 12917 12761 12938 10798] 

iteration: 14 
 particles: [[-518 -369  196 -630 -310 -248 -523 -361 -630 -474 -511 -112  -39 -419
  -507 -356 -385 -442 -358 -388]]
fitness: [12265 13018  6832  9784 12890 12631 12205 13018  9783 12641 12344 11413
 10490 12928 12387 13015 13007 12833 13017 13004] 

iteration: 15 
 particles: [[-317 -366 -563 -539 -337 -318 -234 -305 -349 -430 -547 -549 -630 -359
  -630 -350 -401 -342 -388 -577]]
fitness: [12912 13019 11608 11993 12958 12915 12509 12874 12976 12884 11874 11842
  9783 13017  9783 12977 12979 12966 13004 11335] 

iteration: 16 
 particles: [[-367 -374 -630 -113 -407 -391 -210 -384 -229 -356 -463 -599 -630 -328
  -436 -386 -338 -277 -362 -287]]
fitness: [13018 13017  9783 11426 12964 12998 12344 13009 12477 13015 12716 10799
  9783 12941 12859 13006 12960 12776 13019 12815] 

iteration: 17 
 particles: [[-401 -372 -630 -533 -376 -420 -630 -391 -408 -332 -253 -214 -444 -350
  -179 -375 -351 -430 -353 -320]]
fitness: [12980 13017  9783 12077 13016 12923  9782 12999 12962 12950 12660 12373
 12823 12976 12103 13016 12977 12886 12979 12919] 

iteration: 18 
 particles: [[-396 -365   52 -463 -337 -313 -423 -343 -439 -388 -371 -365 -117 -389
  -603 -368 -418 -299 -352 -529]]
fitness: [12990 13019  9115 12718 12959 12899 12913 12968 12846 13003 13018 13019
 11476 13002 10683 13018 12930 12856 12978 12130] 

iteration: 19 
 particles: [[-320 -372 -565 -204 -398 -301 -151 -362 -350 -377 -441 -460 -155 -335
  -630 -368 -368 -284 -397 -251]]
fitness: [12920 13018 11571 12298 12985 12863 11864 13018 12975 13015 12837 12737
 11900 12955  9783 13017 13018 12804 12989 12648] 

iteration: 20 
 particles: [[-358 -369 -630 -444 -338 -475 -564 -374 -331 -328 -348 -280 -630 -323
   290 -372 -339 -293 -329 -145]]
fitness: [13016 13019  9783 12823 12961 12634 11590 13017 12948 12939 12975 12788
  9783 12929  5540 13018 12962 12837 12942 11809] 

iteration: 21 
 particles: [[-398 -369 -373 -481 -381 -372  -31 -357 -389 -383 -315 -314 -427 -416
  -544 -373 -362 -388 -395 -532]]
fitness: [12986 13018 13018 12587 13012 13017 10375 13017 13002 13010 12906 12903
 12898 12937 11920 13017 13019 13003 12992 12090] 

iteration: 22 
 particles: [[-367 -370 -227 -371 -381 -315 -630 -371 -417 -382 -420 -379 -159 -344
  -630 -364 -383 -414 -405 -486]]
fitness: [13018 13018 12463 13018 13012 12906  9783 13018 12934 13011 12923 13013
 11936 12969  9783 13018 13009 12944 12970 12547] 

iteration: 23 
 particles: [[-351 -371 -408 -294 -353 -368 -630 -359 -319 -320 -450 -401 -630 -345
  -496 -372 -356 -360 -387  -88]]
fitness: [12977 13017 12962 12840 12979 13018  9782 13017 12918 12921 12794 12979
  9783 12971 12456 13017 13015 13017 13004 11159] 

iteration: 24 
 particles: [[-384 -369 -410 -403 -369 -396   15 -368 -371 -363 -320 -368   71 -393
  -149 -372 -373 -333 -362 -630]]
fitness: [13008 13019 12956 12975 13019 12990  9696 13019 13018 13017 12920 13019
  8805 12996 11847 13017 13017 12951 13018  9782] 

iteration: 25 
 particles: [[-354 -370 -390 -358 -373 -365 -209 -373 -396 -396 -354 -348 -630 -371
  -458 -369 -358 -355 -366 -618]]
fitness: [13014 13018 13001 13016 13016 13019 12336 13017 12991 12991 13013 12975
  9783 13018 12747 13018 13016 13015 13019 10273] 

iteration: 26 
 particles: [[-368 -370 -353 -345 -358 -360 -463 -362 -338 -322 -414 -388 -630 -359
  -358 -369 -355 -374 -366  -77]]
fitness: [13018 13018 12979 12971 13015 13017 12717 13018 12961 12926 12944 13003
  9784 13019 13015 13018 13015 13017 13019 11014] 

iteration: 27 
 particles: [[-377 -370 -366 -404 -353 -366 -320 -365 -399 -417 -328 -347 -467 -360
  -315 -371 -358 -376 -366 -199]]
fitness: [13015 13018 13019 12972 12979 13019 12920 13018 12985 12933 12939 12974
 12690 13017 12905 13018 13017 13016 13018 12259] 

iteration: 28 
 particles: [[-372 -370 -376 -315 -376 -369 -364 -368 -360 -443 -409 -363 -151 -359
  -399 -368 -378 -341 -367 -467]]
fitness: [13017 13018 13016 12907 13016 13018 13018 13018 13018 12828 12959 13018
 11865 13016 12984 13018 13014 12965 13019 12689] 

iteration: 29 
 particles: [[-369 -370 -361 -404 -376 -364 -387 -370 -355 -282 -380 -383 -447 -363
  -313 -373 -355 -394 -364 -486]]
fitness: [13018 13019 13018 12973 13015 13019 13004 13017 13014 12796 13012 13009
 12808 13018 12900 13018 13015 12994 13018 12547] 

global best: -370.0 
 manipulability 13019
