iteration: 0 
 particles: [[ -39 -264  146  106   44   86 -524 -601 -509 -570  289 -442 -384   45
   221 -550 -575  189  289 -389]]
fitness: [10490 12716  7596  8230  9242  8558 12193 10743 12367 11476  5552 12833
 13009  9227  6457 11828 11377  6936  5552 13002] 

iteration: 1 
 particles: [[-173 -502 -630 -458  -76   45 -439 -323 -384 -347 -630 -382 -384 -179
  -630 -242 -352 -310 -630 -381]]
fitness: [12055 12437  9783 12747 11001  9227 12846 12929 13008 12973  9784 13011
 13009 12104  9784 12596 12978 12891  9783 13012] 

iteration: 2 
 particles: [[-509 -457 -630 -630 -630 -398 -300  -85 -271 -164 -630 -328 -380 -471
  -630 -226 -179 -630 -630 -374]]
fitness: [12366 12753  9783  9783  9783 12987 12860 11120 12748 11979  9783 12940
 13012 12664  9782 12457 12104  9783  9783 13017] 

iteration: 3 
 particles: [[-630 -296 -630 -360 -229 -630 -241 -404 -248 -409 -630 -408 -372 -527
  -630 -375 -345 -562 -630 -368]]
fitness: [ 9784 12846  9784 13018 12477  9783 12591 12973 12631 12959  9784 12962
 13018 12155  9783 13016 12971 11625  9783 13019] 

iteration: 4 
 particles: [[-433 -253 -333 -137   96 -630 -384 -630 -599 -446 -472 -379 -360 -231
  -630 -490 -531  -98 -484 -363]]
fitness: [12872 12660 12951 11733  8394  9783 13009  9783 10800 12814 12655 13013
 13018 12489  9782 12512 12103 11288 12563 13018] 

iteration: 5 
 particles: [[-248 -476 -155 -391   73 -167 -491 -442 -570 -326 -210 -346 -366 -419
  -282 -538 -254   88 -172 -371]]
fitness: [12632 12627 11901 12999  8772 12005 12503 12833 11476 12936 12344 12971
 13019 12927 12796 12008 12664  8524 12047 13017] 

iteration: 6 
 particles: [[-452 -164 -352 -534 -630 -364 -311 -240 -352 -332 -235 -411 -372 -535
  -122 -203 -372 -630 -333 -368]]
fitness: [12782 11981 12978 12064  9783 13019 12893 12585 12978 12949 12555 12953
 13018 12050 11535 12290 13017  9782 12951 13019] 

iteration: 7 
 particles: [[-421 -551 -520 -189 -630 -517 -312 -357 -273 -387 -521 -428 -369 -301
  -189 -186 -456 -630 -500 -365]]
fitness: [12920 11811 12241 12182  9783 12278 12896 13015 12758 13005 12230 12894
 13018 12862 12181 12159 12760  9784 12418 13019] 

iteration: 8 
 particles: [[-304 -323 -277 -211  129 -265 -403 -455 -451 -406 -434 -304 -360 -243
  -630 -558 -340 -225 -336 -364]]
fitness: [12870 12929 12775 12351  7864 12720 12975 12765 12788 12967 12867 12870
 13018 12602  9784 11697 12963 12451 12956 13018] 

iteration: 9 
 particles: [[-397 -187 -320 -630 -164 -228 -445 -377 -417 -403 -319 -425 -370 -351
    70 -340 -348  -55 -229 -372]]
fitness: [12988 12167 12921  9784 11979 12470 12819 13015 12935 12975 12918 12905
 13019 12977  8821 12963 12975 10716 12476 13018] 

iteration: 10 
 particles: [[-428 -308 -399 -261 -501 -472 -393 -302 -364 -333 -262 -410 -369 -441
   275 -229 -397 -630 -449 -367]]
fitness: [12893 12885 12983 12701 12408 12656 12996 12864 13019 12952 12706 12957
 13018 12838  5719 12477 12989  9783 12799 13019] 

iteration: 11 
 particles: [[-364 -528 -429 -162 -230 -268 -341 -414 -330 -442 -466 -319 -366 -270
  -113 -569 -364 -630 -361 -365]]
fitness: [13018 12142 12890 11962 12484 12735 12964 12945 12945 12832 12697 12918
 13019 12743 11426 11496 13019  9783 13018 13018] 

iteration: 12 
 particles: [[-327 -325 -292 -496 -126 -262 -379 -477 -393 -367 -449 -392 -364 -472
  -630 -289 -349   37 -315 -369]]
fitness: [12938 12933 12834 12457 11575 12706 13013 12618 12996 13018 12799 12997
 13019 12655  9783 12823 12976  9354 12906 13018] 

iteration: 13 
 particles: [[-341 -226 -414 -403 -554 -305 -393 -228 -381 -322 -394 -411 -369 -440
  -385 -269 -388 -630 -378 -369]]
fitness: [12966 12457 12945 12975 11763 12874 12996 12471 13012 12925 12994 12952
 13018 12841 13007 12740 13004  9782 13015 13018] 

iteration: 14 
 particles: [[-446 -381 -377 -271 -630 -389 -345 -498 -353 -398 -343 -345 -371 -337
  -215 -485 -360 -539 -365 -365]]
fitness: [12813 13012 13015 12749  9783 13002 12971 12438 12978 12987 12967 12970
 13017 12960 12380 12555 13017 11994 13019 13018] 

iteration: 15 
 particles: [[-342 -456 -345 -351  -95 -396 -372 -243 -385 -365 -395 -343 -359 -328
  -530 -450 -362 -152 -362 -368]]
fitness: [12966 12759 12971 12978 11249 12990 13018 12603 13007 13019 12993 12968
 13017 12940 12117 12793 13018 11873 13017 13018] 

iteration: 16 
 particles: [[-324 -463 -378 -409 -317 -336 -381 -472 -373 -348 -407 -391 -358 -395
  -478 -314 -372 -382 -378 -369]]
fitness: [12932 12717 13014 12959 12913 12957 13011 12655 13017 12974 12966 13000
 13017 12991 12610 12904 13017 13010 13013 13018] 

iteration: 17 
 particles: [[-381 -288 -392 -318 -464 -389 -357 -522 -361 -403 -347 -361 -373 -382
  -208 -407 -358 -485 -356 -367]]
fitness: [13012 12819 12997 12915 12710 13003 13016 12217 13018 12975 12973 13017
 13017 13011 12329 12964 13017 12555 13016 13019] 

iteration: 18 
 particles: [[-379 -454 -380 -325 -400 -385 -370 -147 -364 -399 -421 -354 -374 -373
  -288 -389 -365 -240 -371 -368]]
fitness: [13015 12771 13013 12933 12982 13008 13018 11828 13019 12985 12920 13014
 13017 13016 12818 13002 13020 12585 13018 13018] 

iteration: 19 
 particles: [[-334 -322 -361 -430 -328 -327 -376 -443 -366 -374 -398 -379 -349 -367
  -533 -339 -368 -196 -363 -363]]
fitness: [    0 12925 13018 12886 12941 12938 13016 12828 13017 13016 12985 13014
 12975 13019 12076 12962 13018 12236 13018 13018] 

global best: -365.0 
 manipulability 13020
