iteration: 0 
 particles: [[-430   -1 -223 -137 -165   89 -459   11 -349  282  115  -79  283  286
  -250 -477 -483 -159 -513 -566]]
fitness: [12885  9936 12436 11733 11988  8509 12742  9755 12975  5633  8086 11041
  5622  5587 12643 12619 12572 11937 12322 11552] 

iteration: 1 
 particles: [[-392 -406 -338 -418 -426 -630 -318 -122 -349  -64 -168 -299  105 -630
  -445 -247 -273 -325 -277 -387]]
fitness: [12997 12968 12960 12931 12902  9784 12915 11535 12975 10840 12014 12856
  8246  9783 12818 12626 12757 12933 12775 13006] 

iteration: 2 
 particles: [[-353 -630 -460 -630 -630 -630 -271 -491 -381 -556 -538 -592 -630 -630
  -588 -121 -177 -556 -190 -226]]
fitness: [12978  9783 12735  9784  9784  9784 12749 12502 13012 11730 12008 10992
  9784  9783 11090 11523 12089 11730 12189 12455] 

iteration: 3 
 particles: [[-429 -569 -291 -287 -355 -630 -304 -630 -409 -630   73 -191 -630 -630
  -355 -275 -443 -148 -217 -442]]
fitness: [12889 11495 12830 12815 13015  9784 12871  9783 12960  9784  8771 12196
  9783  9784 13015 12767 12828 11837 12395 12834] 

iteration: 4 
 particles: [[-365 -179 -186 -365 -111 -428 -391 -171 -336 -379   32 -161 -324 -630
  -149 -515 -630    5 -414 -413]]
fitness: [13018 12104 12159 13018 11400 12893 12999 12039 12957 13014  9433 11954
 12931  9783 11846 12299  9783  9846 12945 12947] 

iteration: 5 
 particles: [[-308 -288 -540 -434 -113 -243 -434 -297 -334 -137 -630 -547  -61 -630
  -630 -452 -457 -102 -568 -348]]
fitness: [12884 12818 11980 12869 11426 12603 12868 12850 12952 11734  9783 11875
 10798  9783  9783 12782 12754 11338 11515 12974] 

iteration: 6 
 particles: [[-360 -630 -500 -371 -450 -445 -408 -540 -374 -387 -572 -550 -630 -270
  -630 -269 -144 -630 -317 -312]]
fitness: [13017  9783 12418 13018 12793 12818 12963 11980 13017 13004 11438 11829
  9784 12744  9784 12740 11800  9782 12912 12896] 

iteration: 7 
 particles: [[-419 -630 -309 -312 -630 -478 -295 -444 -398 -588  -33 -258 -363 -117
   -82 -287 -516 -463 -202 -371]]
fitness: [12927  9783 12888 12896  9783 12612 12843 12823 12986 11090 10404 12686
 13018 11475 11081 12814 12289 12717 12283 13018] 

iteration: 8 
 particles: [[-364  -14 -304 -378 -630 -273 -276 -220 -312  -59 -275  -28 -133 -591
   148 -378 -474 -163 -630 -421]]
fitness: [13018 10128 12871 13014  9783 12757 12770 12415 12896 10771 12766 10332
 11694 11017  7565 13014 12641 11971  9783 12922] 

iteration: 9 
 particles: [[-319 -623 -390 -401 -369 -450 -533 -450 -400 -525 -600 -630  -56 -398
  -630 -432 -225 -379 -630 -365]]
fitness: [12917 10060 13002 12980 13019 12793 12076 12793 12982 12180 10772  9784
 10730 12986  9784 12875 12450 13013  9783 13019] 

iteration: 10 
 particles: [[-330 -630 -427 -346 -145 -461 -586 -362 -410 -582 -208 -342 -630 -204
  -630 -294 -229 -551 -423 -321]]
fitness: [12944  9784 12897 12972 11810 12729 11137 13018 12957 11228 12329 12967
  9783 12298  9784 12840 12476 11812 12914 12923] 

iteration: 11 
 particles: [[-437 -501 -329 -348 -451 -301 -536 -289 -336 -375 -139 -124 -630 -584
  -630 -389 -579 -380 -234 -436]]
fitness: [12854 12408 12942 12974 12788 12862 12036 12822 12956 13016 11753 11555
  9784 11184  9784 13001 11294 13012 12509 12860] 

iteration: 12 
 particles: [[-498 -175 -328 -402 -586 -327  -94 -373 -369 -191 -522 -583  -99 -533
  -364 -450 -539 -232 -164 -301]]
fitness: [12438 12072 12941 12978 11137 12939 11236 13017 13018 12196 12217 11205
 11300 12076 13017 12792 11993 12497 11980 12863] 

iteration: 13 
 particles: [[-287 -344 -457 -347 -512 -425 -210 -427 -396 -219 -619 -627 -576 -398
  -141 -331 -340 -363 -264 -196]]
fitness: [12814 12970 12753 12973 12334 12906 12344 12898 12990 12408 10234  9874
 11357 12987 11771 12947 12963 13019 12715 12235] 

iteration: 14 
 particles: [[-319 -529 -525 -323 -194 -412 -630 -407 -366 -496  -12  188 -430 -284
  -552 -367 -210 -484 -630 -242]]
fitness: [12918 12129 12180 12928 12220 12950  9783 12964 13019 12456 10099  6951
 12886 12803 11796 13019 12344 12561  9784 12596] 

iteration: 15 
 particles: [[-518 -503 -227 -377  -75 -368 -630 -315 -341 -325 -480  -64 -137 -469
  -469 -399 -474 -349 -630 -342]]
fitness: [12267 12427 12463 13015 10987 13018  9784 12905 12965 12934 12595 10839
 11734 12677 12677 12984 12642 12975  9783 12966] 

iteration: 16 
 particles: [[-442  -47 -242 -415 -630 -333 -316 -401 -379 -221 -630 -487 -106 -594
  -321 -386 -480 -292 -447 -456]]
fitness: [12832 10603 12597 12942  9783 12951 12909 12979 13013 12422  9784 12537
 11338 10939 12923 13006 12595 12832 12809 12759] 

iteration: 17 
 particles: [[-198  -17 -549 -335 -630 -327 -189 -447 -378 -438 -292 -542 -429 -235
  -297 -328 -235 -454  -86 -419]]
fitness: [12252 10171 11843 12955  9784 12939 12181 12809 13014 12851 12832 11950
 12889 12554 12849 12940 12554 12770 11133 12927] 

iteration: 18 
 particles: [[-198 -377 -246 -315 -204 -419 -436 -346 -355 -485 -125 -244 -571 -252
  -546 -306 -229 -434 -402 -283]]
fitness: [12251 13015 12620 12906 12298 12928 12858 12971 13015 12555 11566 12609
 11456 12655 11890 12877 12476 12867 12977 12800] 

iteration: 19 
 particles: [[-630 -630 -111 -362 -199 -437 -555 -323 -355 -263 -251 -348 -405 -579
  -192 -400 -345 -335 -630 -260]]
fitness: [ 9784  9783 11401 13019 12259 12854 11747 12929 13015 12711 12648 12975
 12970 11294 12204 12982 12971 12954  9783 12695] 

iteration: 20 
 particles: [[-504  -62 -413 -414 -630 -286 -512 -342 -390 -246 -583 -467 -146 -316
  -509 -377 -475 -273 -259 -480]]
fitness: [12417 10811 12946 12944  9784 12811 12333 12966 13000 12620 11207 12690
 11819 12910 12366 13015 12635 12757 12691 12595] 

iteration: 21 
 particles: [[-238  290 -588 -367 -630 -293 -119 -431 -352 -516 -595 -258 -350 -282
  -396 -327 -432 -288 -303 -421]]
fitness: [12573  5540 11090 13018  9784 12836 11500 12881 12979 12289 10910 12686
 12976 12796 12990 12938 12877 12819 12868 12921] 

iteration: 22 
 particles: [[-302 -630 -319 -326 -436 -389   13 -419 -350 -447   85 -313 -518 -514
  -231 -391 -164 -463 -379 -288]]
fitness: [12865  9783 12918 12936 12860 13002  9725 12928 12977 12808  8574 12900
 12265 12312 12490 12999 11980 12716 13014 12818] 

iteration: 23 
 particles: [[-510 -630 -266 -422 -101 -430 -583 -263 -364 -332   79 -374 -333 -536
  -318 -390 -366 -430 -438 -221]]
fitness: [12356  9783 12725 12916 11326 12885 11206 12711 13018 12949  8672 13017
 12951 12037 12915 12999 13019 12885 12851 12422] 

iteration: 24 
 particles: [[-276 -359 -391 -390 -440 -445 -630 -369 -384 -317 -275 -419 -268  -61
  -485 -350 -526 -204 -287 -435]]
fitness: [12771 13017 13000 13000 12842 12818  9783 13019 13009 12912 12767 12927
 12735 10798 12556 12977 12168 12298 12814 12864] 

iteration: 25 
 particles: [[-132 -156 -482 -342 -554 -256  122 -451 -367 -404 -589 -368 -502  130
  -366 -360 -351 -215 -399 -493]]
fitness: [    0 11910 12580 12967 11763 12675  7974 12787 13018 12974 11065 13019
 12438  7848 13019 13017 12978 12380 12984 12485] 

iteration: 26 
 particles: [[-250 -225 -279 -376 -362 -293  290 -353 -355 -392 -199 -330 -339 -609
  -277 -384 -254 -551 -443 -454]]
fitness: [12642 12450 12785 13015 13018 12837  5540 12979 13015 12997 12259 12945
 12962 10539 12775 13008 12665 11812 12829 12771] 

iteration: 27 
 particles: [[-508 -560 -373 -379 -231 -576 -630 -308 -366 -328   22 -356 -286 -630
  -306 -380 -588 -534 -282 -200]]
fitness: [12377 11662 13017 13014 12490 11356  9784 12884 13019 12941  9589 13015
 12812  9783 12878 13013 11090 12063 12796 12267] 

iteration: 28 
 particles: [[-430 -193 -445 -354 -557 -193 -630 -421 -376 -315 -263 -408 -302  -27
  -443 -350 -545 -271 -360 -185]]
fitness: [12886 12212 12819 13013 11713 12211  9784 12920 13015 12906 12711 12961
 12866 10317 12828 12977 11905 12749 13017 12151] 

iteration: 29 
 particles: [[-229 -253 -313 -369 -453 -321 -630 -442 -359 -437 -630 -344 -428  285
  -420 -388 -376 -251 -434 -424]]
fitness: [12477 12658 12900 13018 12777 12924  9784 12833 13018 12855  9784 12968
 12893  5598 12924 13004 13017 12648 12867 12909] 

iteration: 30 
 particles: [[-274 -532 -335 -367 -297 -495 -630 -280 -364 -359 -128 -371 -370 -630
  -272 -412 -237 -547 -342 -416]]
fitness: [12762 12090 12955 13018 12850 12466  9784 12787 13019 13017 11595 13017
 13019  9783 12754 12950 12566 11874 12967 12937] 

iteration: 31 
 particles: [[-580 -587 -428 -365 -373 -255  207 -456 -379 -308 -265 -387 -326 -630
  -461 -354 -410 -161 -306 -308]]
fitness: [11273 11114 12893 13018 13017 12670  6666 12759 13013 12885 12722 13005
 12935  9784 12728 13013 12956 11954 12877 12884] 

iteration: 32 
 particles: [[-339 -372 -404 -359 -426 -501 -138 -499 -365 -331 -475 -335 -367 -630
  -415 -335 -457 -362 -340 -400]]
fitness: [12962 13018 12973 13018 12901 12407 11743 12427 13018 12947 12634 12955
 13018  9784 12941 12955 12753 13019 12963 12982] 

iteration: 33 
 particles: [[-258 -209 -349 -361 -405 -324 -630 -161 -363 -424 -324 -326 -404 -162
  -222 -391 -148 -525 -406 -447]]
fitness: [12686 12336 12975 13018 12970 12931  9784 11954 13018 12909 12931 12935
 12973 11962 12429 12999 11837 12179 12967 12808] 

iteration: 34 
 particles: [[-445 -408 -356 -377 -320 -299 -630 -223 -375 -333 -228 -423 -340 -133
  -306 -359 -209 -255 -344 -263]]
fitness: [12819 12963 13016 13015 12920 12856  9783 12436 13016 12951 12469 12913
 12964 11695 12877 13016 12336 12669 12970 12711] 

iteration: 35 
 particles: [[-455 -458 -413 -357 -401 -405   82 -510 -376 -342 -240 -389 -318 -549
  -489 -355 -630 -401 -329 -406]]
fitness: [12766 12749 12947 13016 12979 12970  8622 12355 13015 12967 12585 13003
 12915 11843 12521 13015  9784 12979 12943 12968] 

iteration: 36 
 particles: [[-393 -404 -358 -361 -406 -366 -364 -441 -359 -388 -463 -312 -459 -630
  -317 -398 -458 -451 -342 -423]]
fitness: [12996 12972 13017 13018     0 13018 13019 12838 13018 13004 12716 12896
 12742  9784 12912 12986 12748 12788 12966 12913] 

iteration: 37 
 particles: [[-272 -277 -344 -366 -288 -340 -630 -186 -375 -355 -477 -440 -346 -297
  -300 -346  -90 -369 -438 -342]]
fitness: [12753 12775 12969 13018 12818 12964  9784 12158 13016 13014 12620 12842
 12972 12850 12860 12973 11185 13019 12851 12966] 

iteration: 38 
 particles: [[-326 -386 -339 -365 -306 -408 -321 -282 -376 -345 -191 -362 -310 -202
  -332 -361 -471 -305 -417 -329]]
fitness: [12935 13007 12961 13019 12877 12962 12923 12796 13016 12971 12197 13018
 12890 12283 12948 13018 12662 12874 12934 12943] 

iteration: 39 
 particles: [[-428 -408 -424 -366 -401 -408 -174 -590 -356 -407 -222 -325 -323 -388
  -384 -383 -603 -388 -306 -369]]
fitness: [12894 12962 12908 13019 12980 12963 12063 11040 13015 12963 12429 12933
 12928 13004 13009 13009 10683 13004 12878 13018] 

iteration: 40 
 particles: [[-341 -347 -404 -368 -395 -297 -630 -534 -358 -334 -564 -423 -414 -499
  -402 -373   86 -409 -322 -395]]
fitness: [12965 12973 12972 13019 12993 12849  9784 12063 13016 12953 11590 12913
 12944 12428 12978 13017  8558 12960 12926 12991] 

iteration: 41 
 particles: [[-294 -349 -327 -365 -363 -300 -402   38 -379 -388 -421 -316 -417 -349
  -295 -354 -418 -362 -432 -319]]
fitness: [12839 12975 12937 13019 13019 12859 12977  9338 13013 13004 12920 12909
 12934 12976 12843 13015 12932 13018 12877 12917] 

iteration: 42 
 particles: [[-392 -407 -367 -361 -360 -479 -177 -367 -372 -347 -104 -336 -360 -332
  -430 -353 -630 -341 -368 -422]]
fitness: [12997 12965 13018 13018 13017 12603 12088 13018 13018 12973 11313 12957
 13017 12949 12885 12979  9784 12964 13019 12916] 

iteration: 43 
 particles: [[-401 -308 -396 -367 -363 -443 -323 -630 -363 -368 -142 -452 -340 -392
  -448 -393 -630 -396 -324 -450]]
fitness: [12980 12884 12990 13018 13018 12829 12927  9783 13019 13018 11781 12782
 12962 12997 12803 12996  9784 12990 12931 12791] 

iteration: 44 
 particles: [[-327 -397 -332 -371 -369 -204 -478 -550 -367 -384 -343 -313 -391 -398
  -243 -380   20 -346 -388 -303]]
fitness: [12937 12988 12949 13018 13020 12298 12610 11827 13018 13008 12968 12900
 12999 12988 12603 13012  9619 12971 13003 12867] 

iteration: 45 
 particles: [[-348 -436 -394 -369 -373 -487 -370    4 -369 -344 -511 -356 -365 -389
  -387 -354 -630 -363 -362 -321]]
fitness: [12974 12858 12993 13018 13018 12538 13018  9862 13019 12970 12346 13015
 13017 13002 13005 13014  9784 13018 13017 12922] 

iteration: 46 
 particles: [[-387 -302 -400 -358 -363 -426 -288   99 -368 -353 -315 -429 -360 -363
  -424 -374 -630 -377 -363 -421]]
fitness: [13005 12865 12982 13015 13018 12901 12818  8345 13019 12979 12905 12889
 13017 13018 12910 13017  9783 13015 13018 12920] 

iteration: 47 
 particles: [[-382 -363 -342 -377 -374 -264 -388 -630 -365 -385 -297 -268 -391 -351
  -360 -376   48 -369 -378 -393]]
fitness: [13011 13018 12967 13015 13017 12716 13003  9783 13018 13007 12849 12734
 12999 12977 13018 13015  9179 13018 13014 12996] 

iteration: 48 
 particles: [[-359 -418 -347 -354 -379 -275 -416 -630 -369 -369 -391 -344 -377 -359
  -322 -350 -470 -356 -368 -295]]
fitness: [13017 12931 12972 13014 13014 12766 12937  9783 13019 13018 12999 12968
 13015 13017 12925 12976 12669 13015 13018 12843] 

iteration: 49 
 particles: [[-366 -379 -404 -369 -351 -468 -292 -216 -369 -357 -421 -448 -359 -385
  -420 -384 -598 -350 -362 -333]]
fitness: [13019 13014 12973 13018 12977 12684 12833 12387 13019 13016 12922 12803
 13017 13008 12923 13009 10827 12976 13019 12951] 

iteration: 50 
 particles: [[-376 -336 -378 -367 -351 -423 -334 -340 -368 -392 -385 -395 -384 -343
  -409 -368 -155 -404 -373 -383]]
fitness: [13015 12957 13013 13019 12977 12914 12953 12963 13019 12997 13007 12992
 13008 12968 12959 13019 11901 12974 13017 13010] 

iteration: 51 
 particles: [[-370 -360 -358 -358 -381 -316 -466 -489 -367 -366 -348 -321 -381 -362
  -318 -357 -229 -319 -371 -403]]
fitness: [13018 13018 13014 13016 13011 12909 12697 12520 13018 13019 12974 12923
 13012 13019 12915 13016 12477 12918 13018 12975] 

iteration: 52 
 particles: [[-360 -383 -358 -357 -365 -393 -474 -169 -366 -350 -362 -363 -339 -386
  -294 -371 -536 -311 -364 -365]]
fitness: [13017 13009 13016 13016 13018 12995 12641 12022 13019 12976 13018 13018
 12963 13006 12840 13017 12036 12893 13019 13018] 

iteration: 53 
 particles: [[-367 -373 -370 -370 -363 -399 -387 -240 -367 -350 -384 -403 -377 -360
  -523 -377 -386 -406 -364 -345]]
fitness: [13019 13016 13018 13018 13019 12985 13006 12585 13018 12977 13009 12975
 13015 13017 12205 13015 13006 12967 13019 12970] 

iteration: 54 
 particles: [[-371 -360 -370 -368 -371 -344 -290 -617 -369 -384 -351 -347 -381 -350
  -552 -368 -262 -447 -369 -363]]
fitness: [13018 13017 13019 13019 13018 12969 12826 10255 13019 13009 12977 12973
 13012 12977 11796 13018 12706 12809 13018 13018] 

iteration: 55 
 particles: [[-363 -365 -368 -362 -374 -331 -282  -47 -369 -367 -340 -365 -369 -361
  -342 -362 -379 -347 -370 -380]]
fitness: [13018 13019 13019 13018 13017 12947 12795 10604 13018 13019 12963 13019
 13019 13017 12966 13018 13014 12973 13018 13013] 

iteration: 56 
 particles: [[-374 -370 -371 -365 -357 -423 -419 -246 -368 -357 -392 -385 -362 -373
  -254 -364 -433 -343 -368 -354]]
fitness: [13018 13018 13018 13018 13016 12913 12928 12621 13019 13016 12998 13007
 13018 13017 12664 13019 12872 12967 13018 13014] 

iteration: 57 
 particles: [[-376 -370 -368 -365 -361 -356 -446 -630 -366 -375 -401 -357 -372 -357
  -586 -377 -240 -361 -367 -353]]
fitness: [13016 13018 13018 13018 13017 13016 12813  9784 13018 13016 12980 13015
 13016 13016 11139 13015 12585 13018 13018 12979] 

iteration: 58 
 particles: [[-359 -365 -369 -365 -374 -342 -347 -375 -369 -384 -347 -363 -370 -365
  -386 -372 -307 -383 -369 -365]]
fitness: [13017 13018 13019 13018 13016 12966 12973 13016 13019 13009 12973 13017
 13018 13018 13005 13017 12880 13010 13018 13019] 

iteration: 59 
 particles: [[-369 -363 -369 -361 -373 -337 -350 -203 -370 -362 -347 -383 -368 -370
  -255 -362 -408 -380 -370 -379]]
fitness: [13019 13018 13019 13019 13017 12959 12976 12290 13018 13018 12973 13008
 13018 13018 12670 13018 12962 13012 13018 13014] 

iteration: 60 
 particles: [[-372 -364 -369 -360 -369 -392 -387 -432 -365 -367 -407 -346 -370 -361
  -452 -372 -395 -355 -368 -368]]
fitness: [13018 13018 13018 13017 13018 12998 13005 12876 13019 13019 12965 12971
 13018 13017 12783 13017 12992 13014 13018 13018] 

iteration: 61 
 particles: [[-368 -367 -369 -366 -366 -391 -379 -406 -370 -372 -362 -387 -370 -373
  -402 -372 -334 -367 -368 -360]]
fitness: [13019 13020 13019 13018 13019 12999 13014     0 13017 13018 13018 13005
 13018 13017 12977 13017 12952 13018 13018 13017] 

iteration: 62 
 particles: [[-363 -372 -371 -364 -371 -366 -346 -292 -371 -359 -344 -356 -368 -371
  -313 -362 -377 -376 -368 -375]]
fitness: [13019 13016 13017 13019 13018 13019 12971 12834 13017 13018 12970 13015
 13019 13018 12900 13019 13014 13016 13018 13017] 

iteration: 63 
 particles: [[-370 -365 -367 -368 -371 -355 -373 -346 -363 -377 -386 -354 -369 -364
  -347 -363 -367 -352 -368 -371]]
fitness: [13019 13019 13018 13019 13018 13014 13017 12972 13018 13014 13006 13013
 13019 13019 12974 13017 13019 12978 13018 13018] 

iteration: 64 
 particles: [[-365 -366 -371 -370 -367 -387 -388 -443 -374 -377 -370 -402 -370 -370
  -387 -374 -363 -365 -369 -356]]
fitness: [13019 13019 13017 13019 13018 13005 13003 12829 13017 13014 13018 12978
 13018 13019 13004 13017 13018 13018 13019 13015] 

iteration: 65 
 particles: [[-369 -370 -370 -358 -366 -353 -320 -464 -364 -373 -357 -330 -369 -371
  -380 -368 -366 -371 -369 -366]]
fitness: [13018 13019 13018 13017 13019 12979 12921 12710 13017 13017 13016 12944
 13018 13018 13013 13018 13019 13018 13019 13018] 

iteration: 66 
 particles: [[-366 -367 -369 -370 -370 -361 -408 -308 -362 -369 -375 -367 -369 -363
  -357 -364 -373 -358 -369 -372]]
fitness: [13019 13019 13017 13018 13017 13017 12962 12884 13017 13018 13015 13018
 13019 13018 13016 13018 13017 13017 13018 13018] 

iteration: 67 
 particles: [[-364 -367 -369 -370 -370 -375 -363 -394 -367 -362 -359 -389 -370 -359
  -345 -369 -370 -361 -368 -365]]
fitness: [13018 13019 13018 13018 13019 13017 13018 12994 13019 13017 13017 13001
 13018 13017 12970 13019 13018 13018 13019 13019] 

iteration: 68 
 particles: [[-370 -369 -370 -357 -369 -370 -342 -409 -373 -372 -371 -352 -369 -379
  -409 -368 -362 -377 -369 -365]]
fitness: [13019 13019 13018 13016 13019 13018 12966 12959 13017 13017 13017 12978
 13019 13014 12959 13019 13018 13014 13018 13019] 

iteration: 69 
 particles: [[-367 -368 -370 -371 -368 -364 -386 -303 -365 -367 -367 -384 -369 -365
  -407 -367 -362 -360 -368 -367]]
fitness: [13018 13019 13018 13018 13020 13018 13006 12868 13018 13018 13018 13008
 13018 13017 12965 13019 13017 13017 13019 13018] 

iteration: 70 
 particles: [[-367 -368 -370 -372 -369 -372 -378 -408 -366 -367 -361 -349 -370 -361
  -385 -370 -374 -368 -368 -368]]
fitness: [13020 13018 13019 13017 13019 13018 13014 12961 13018 13018 13018 12975
 13018 13018 13007 13018 13016 13018 13018 13018] 

iteration: 71 
 particles: [[-371 -367 -368 -367 -369 -371 -367 -367 -366 -366 -375 -367 -369 -369
  -314 -368 -372 -368 -369 -369]]
fitness: [13019 13018 13018 13018 13018 13018 13018 13019 13019 13018 13017 13018
 13018 13018 12903 13018 13018 13018 13018 13019] 

iteration: 72 
 particles: [[-369 -370 -367 -362 -369 -362 -356 -346 -367 -367 -369 -378 -369 -371
  -416 -366 -367 -366 -369 -364]]
fitness: [13019 13018 13019 13018 13018 13018 13016 12972 13020 13019 13018 13014
 13018 13018 12937 13018 13019 13019 13018 13017] 

iteration: 73 
 particles: [[-364 -371 -374 -363 -369 -368 -365 -420 -371 -368 -354 -351 -369 -359
  -338 -367 -364 -360 -369 -371]]
fitness: [13018 13017 13016 13018 13018 13019 13018 12924 13017 13018 13013 12977
 13017 13017 12960 13019 13018 13017 13017 13018] 

iteration: 74 
 particles: [[-368 -360 -373 -373 -369 -368 -373 -431 -370 -367 -360 -364 -369 -358
  -355 -371 -368 -362 -367 -371]]
fitness: [13018 13017 13017 13018 13018 13019 13016 12881 13018 13019 13018 13019
 13018 13016 13015 13018 13017 13018 13019 13017] 

iteration: 75 
 particles: [[-369 -367 -362 -369 -369 -368 -364 -348 -368 -366 -377 -377 -371 -379
  -385 -366 -367 -374 -366 -361]]
fitness: [13019 13019 13018 13019 13019 13019 13017 12974 13019 13018 13014 13015
 13018 13013 13007 13019 13020 13018 13020 13018] 

iteration: 76 
 particles: [[-367 -373 -375 -364 -369 -368 -363 -369 -367 -368 -361 -368 -367 -387
  -357 -367 -370 -358 -369 -368]]
fitness: [13020 13016 13015 13018 13018 13019 13018 13018 13018 13019 13018 13019
 13019 13004 13017 13018 13019 13017 13018 13018] 

iteration: 77 
 particles: [[-367 -359 -370 -359 -369 -368 -375 -380 -370 -366 -356 -363 -374 -365
  -371 -370 -367 -360 -367 -368]]
fitness: [13019 13017 13018 13017 13018 13018 13016 13013 13017 13018 13015 13018
 13017 13018 13018 13018 13018 13017 13019 13019] 

iteration: 78 
 particles: [[-368 -366 -366 -372 -369 -364 -358 -359 -364 -366 -374 -379 -373 -359
  -375 -365 -366 -365 -365 -365]]
fitness: [13018 13019 13019 13016 13019 13018 13015 13017 13018 13019 13017 13013
 13017 13017 13016 13019 13020 13019 13019 13019] 

iteration: 79 
 particles: [[-368 -373 -372 -370 -369 -365 -373 -355 -370 -368 -374 -371 -364 -370
  -356 -365 -371 -368 -366 -365]]
fitness: [13019 13016 13018 13017 13017 13018 13017 13015 13017 13018 13016 13018
 13018 13018 13015 13018 13019 13018 13019 13018] 

iteration: 80 
 particles: [[-368 -368 -369 -367 -369 -367 -367 -381 -367 -367 -363 -362 -373 -359
  -363 -372 -371 -363 -369 -373]]
fitness: [13018 13019 13018 13019 13019 13018 13019 13011 13019 13019 13017 13018
 13017 13017 13019 13017 13019 13019 13018 13018] 

iteration: 81 
 particles: [[-369 -366 -369 -359 -369 -370 -360 -375 -368 -367 -361 -370 -374 -362
  -372 -370 -368 -361 -367 -367]]
fitness: [13018 13018 13018 13017 13019 13018 13017 13016 13018 13019 13017 13018
 13017 13018 13018 13018 13019 13017 13019 13019] 

iteration: 82 
 particles: [[-366 -371 -369 -366 -369 -370 -372 -360 -369 -367 -370 -372 -360 -365
  -365 -364 -366 -366 -365 -362]]
fitness: [13019 13018 13018 13020 13019 13017 13017 13018 13018 13019 13018 13016
 13019 13019 13019 13018 13018 13019 13019 13018] 

iteration: 83 
 particles: [[-368 -365 -369 -375 -369 -368 -366 -375 -369 -366 -363 -370 -373 -369
  -365 -373 -369 -369 -365 -365]]
fitness: [13018 13019 13018 13017 13018 13018 13018 13016 13018 13019 13018 13018
 13018 13018 13019 13017 13019 13018 13018 13019] 

iteration: 84 
 particles: [[-369 -368 -370 -365 -369 -363 -364 -363 -368 -371 -358 -367 -375 -363
  -367 -376 -367 -368 -370 -374]]
fitness: [13018 13019 13018 13019 13019 13019 13018 13019 13018 13018 13017 13019
 13016 13019 13020 13015 13019 13017 13017 13017] 

iteration: 85 
 particles: [[-365 -368 -369 -363 -369 -367 -363 -364 -367 -364 -373 -367 -367 -369
  -371 -375 -367 -362 -371 -353]]
fitness: [13018 13018 13018 13018 13018 13019 13018 13018 13019 13017 13016 13019
 13019 13018 13018 13015 13019 13017 13017 12979] 

iteration: 86 
 particles: [[-365 -369 -370 -365 -369 -369 -366 -380 -368 -368 -374 -370 -364 -361
  -368 -362 -370 -366 -369 -369]]
fitness: [13019 13018 13018 13018 13017 13019 13018 13013 13018 13018 13017 13017
 13018 13016 13019 13018 13017 13019 13019 13018] 

iteration: 87 
 particles: [[-375 -366 -369 -370 -369 -369 -371 -363 -368 -367 -351 -369 -382 -369
  -365 -369 -367 -371 -367 -371]]
fitness: [13015 13019 13018 13019 13018 13018 13018 13018 13018 13019 12978 13018
 13011 13018 13019 13018 13019 13017 13019 13019] 

iteration: 88 
 particles: [[-358 -369 -368 -369 -369 -369 -362 -368 -368 -365 -364 -368 -389 -371
  -371 -369 -366 -354 -368 -361]]
fitness: [13016 13018 13019 13018 13018 13019 13018 13019 13018 13019 13018 13018
 13001 13018 13017 13017 13019 13015 13019 13017] 

iteration: 89 
 particles: [[-365 -369 -371 -368 -369 -363 -363 -373 -366 -367 -369 -369 -376 -368
  -364 -366 -368 -372 -369 -376]]
fitness: [13018 13018 13018 13018 13018 13019 13018 13016 13018 13019 13017 13018
 13016 13018 13019 13019 13019 13017 13019 13015] 

iteration: 90 
 particles: [[-373 -368 -371 -365 -369 -363 -364 -364 -368 -369 -366 -368 -346 -359
  -367 -367 -367 -359 -364 -361]]
fitness: [13016 13018 13018 13018 13018 13018 13018 13018 13019 13018 13019 13019
 12972 13017 13019 13019 13019 13018 13019 13018] 

iteration: 91 
 particles: [[-373 -367 -368 -365 -369 -369 -365 -366 -369 -366 -368 -368 -379 -365
  -371 -370 -369 -375 -372 -364]]
fitness: [13017 13019 13018 13019 13019 13018 13019 13018 13017 13019 13018 13018
 13013 13019 13017 13018 13019 13016 13018 13018] 

iteration: 92 
 particles: [[-359 -368 -371 -365 -369 -366 -369 -371 -369 -368 -366 -369 -378 -371
  -366 -368 -367 -368 -370 -375]]
fitness: [13017 13018 13018 13019 13018 13019 13018 13018 13018 13018 13018 13018
 13014 13018 13019 13018 13019 13017 13018 13016] 

iteration: 93 
 particles: [[-358 -369 -369 -373 -369 -370 -364 -367 -368 -369 -369 -368 -358 -364
  -369 -367 -367 -364 -365 -356]]
fitness: [13016 13019 13019 13018 13018 13018 13018 13018 13018 13019 13018 13017
 13017 13018 13018 13018 13019 13018 13019 13016] 

iteration: 94 
 particles: [[-380 -367 -369 -361 -369 -365 -366 -368 -369 -365 -367 -369 -364 -366
  -370 -367 -369 -360 -366 -375]]
fitness: [13013 13019 13019 13018 13018 13019 13019 13018 13017 13019 13020 13018
 13017 13018 13017 13019 13018 13017 13018 13016] 

iteration: 95 
 particles: [[-377 -368 -370 -377 -369 -363 -368 -371 -369 -367 -369 -368 -378 -367
  -364 -369 -369 -381 -370 -369]]
fitness: [13015 13017 13018 13014 13017 13018 13018 13018 13019 13019 13018 13019
 13014 13019 13018 13018 13018 13011 13017 13018] 

iteration: 96 
 particles: [[-371 -368 -369 -363 -369 -376 -365 -371 -365 -370 -366 -369 -378 -361
  -368 -368 -367 -346 -367 -358]]
fitness: [13018 13018 13019 13019 13018 13016 13019 13018 13019 13018 13018 13018
 13015 13018 13018 13018 13019 12971 13019 13018] 

iteration: 97 
 particles: [[-358 -368 -370 -367 -369 -369 -367 -366 -372 -367 -368 -367 -374 -365
  -371 -366 -367 -362 -368 -369]]
fitness: [13018 13018 13018 13019 13018 13018 13018 13017 13018 13019 13019 13019
 13017 13019 13018 13019 13019 13018 13019 13019] 

iteration: 98 
 particles: [[-363 -368 -369 -369 -369 -363 -368 -368 -366 -364 -370 -370 -369 -364
  -369 -372 -370 -376 -366 -366]]
fitness: [13018 13018 13018 13018 13019 13018 13019 13019 13018 13018 13018 13018
 13019 13018 13017 13017 13019 13015 13019 13019] 

iteration: 99 
 particles: [[-372 -368 -369 -364 -369 -367 -367 -371 -368 -364 -366 -370 -368 -365
  -366 -365 -367 -358 -369 -368]]
fitness: [13017 13017 13019 13018 13018 13019 13019 13018 13018 13018 13019 13017
 13018 13020 13019 13018 13018 13016 13018 13018] 

global best: -369.0 
 manipulability 13020
