Type: 1 
Bin: 0 
place side object: 0 
Object: 0 
Iteration: 0 
Particle positions: [[-235  -66 -237 -250 -140 -252   60 -141  126  111  230  -54  -52  267
    65  157 -121 -163  202   85]] 
Fitness: [10543 11562 10531 10445 11144 10432 12008 11137 12204 12164 12301 11623
 11633 12284 12024 12221 11256 11003 12261 12081] 
Iteration: 1 
Particle positions: [[290 174 -49 290 290 290  95 -42 290 290 230 290  18 240  75 186 290 -43
  253 290]] 
Fitness: [12303 12262 11599 12304 12303 12303 12114 11633 12303 12303 12301 12302
 11895 12313 12054 12284 12303 11627 12276 12303] 
Iteration: 2 
Particle positions: [[290 290 290 290 290 290 184 212 290 290 238 290 290 216 290 290 290 227
  279 290]] 
Fitness: [12302 12303 12304 12303 12303 12302 12281 12268 12304 12303 12311 12302
 12304 12277 12303 12302 12303 12296 12297 12303] 
Iteration: 3 
Particle positions: [[290 290 290 290 290 290 290 290 290 290 249 290 290 224 290 290 290 290
  273 290]] 
Fitness: [12303 12303 12304 12303 12303 12304 12303 12303 12303 12304 12275 12304
 12303 12292 12304 12303 12303 12303 12291 12303] 
Iteration: 4 
Particle positions: [[290 290 290 290 290 290 290 290 264 290 236 290 290 235 290 246 290 290
  260 290]] 
Fitness: [12303 12303 12303 12303 12303 12303 12303 12303 12279 12303 12309 12303
 12303 12306 12303 12272 12303 12303 12278 12304] 
Iteration: 5 
Particle positions: [[290 290 290 290 290 290 270 290 234 247 231 290 290 249 277 198 290 290
  235 290]] 
Fitness: [12303 12303 12303 12303 12303 12303 12288 12303 12306 12273 12303 12303
 12303 12274 12296 12256 12303 12303 12307 12303] 
Iteration: 6 
Particle positions: [[290 290 290 290 290 290 218 196 220 288 234 290 290 247 204 286 290 290
  223 290]] 
Fitness: [12303 12303 12303 12303 12303 12303 12281 12254 12285 12304 12306 12303
 12303 12273 12262 12301 12303 12303 12290 12303] 
Iteration: 7 
Particle positions: [[290 273 290 290 237 290 267 290 244 290 251 290 290 231 268 290 252 231
  251 230]] 
Fitness: [12304 12291 12303 12303 12310 12303 12283 12303 12270 12304 12275 12303
 12304 12302 12285 12303 12276 12303 12275 12301] 
Iteration: 8 
Particle positions: [[290 289 290 290 195 290 290 290 249 249 258 290 290 246 290 255 265 290
  252 290]] 
Fitness: [12303 12303 12303 12303 12253 12303 12304 12304 12274 12274 12277 12303
 12303 12272 12303 12276 12280 12303 12276 12303] 
Iteration: 9 
Particle positions: [[290 263 285 290 230 290 290 279 218 276 219 270 259 252 288 267 271 290
  217 269]] 
Fitness: [12302 12277 12301 12303 12301 12303 12303 12297 12281 12295 12283 12287
 12277 12276 12303 12283 12289 12303 12279 12286] 
Iteration: 10 
Particle positions: [[195 234 279 219 283 266 270 269 236 247 253 243 250 213 211 263 269 257
  211 233]] 
Fitness: [12253 12305 12297 12283 12300 12281 12287 12286 12308 12273 12276 12315
 12275 12270 12268 12277 12286 12277 12268 12305] 
Iteration: 11 
Particle positions: [[290 214 286 280 290 244 235 233 260 254 255 221 290 230 290 254 228 234
  271 220]] 
Fitness: [12303 12273 12302 12298 12303 12271 12307 12306 12277 12277 12277     0
 12303 12301 12304 12276 12298 12306 12289 12285] 
Iteration: 12 
Particle positions: [[290 281 239 290 155 273 214 221 260 290 214 271 290 258 290 246 290 224
  279 252]] 
Fitness: [12304 12298 12230 12302 12216 12291 12274 12287 12277 12303 12273 12289
 12303 12277 12303 12272 12303 12292 12297 12275] 
Iteration: 13 
Particle positions: [[290 281 266 242 244 290 226 258 203 252 225 245 246 232 243 290 290 257
  196 238]] 
Fitness: [12303 12299 12282 12314 12271 12303 12294 12277 12262 12276 12293 12272
 12272 12304 12315 12303 12303 12277 12254 12311] 
Iteration: 14 
Particle positions: [[278 213 290 206 290 226 271 239 255 290 249 224 252 232 207 290 216 243
  262 233]] 
Fitness: [12296 12270 12302 12264 12303 12294 12289 12311 12276 12303 12275 12292
 12276 12303 12266 12304 12277 12315 12277 12305] 
Iteration: 15 
Particle positions: [[206 213 258 244 248 230 220 229 250 290 250 237 290 248 223 290 242 232
  253 233]] 
Fitness: [12264 12270 12277 12271 12274 12301 12285 12300 12274 12303 12275 12309
 12303 12274 12289 12303 12313 12303 12276 12304] 
Iteration: 16 
Particle positions: [[277 232 262 272 200 290 201 239 235 290 234 260 274 242 286 256 262 235
  208 251]] 
Fitness: [12295 12303 12277 12289 12259 12303 12260 12229 12307 12303 12306 12278
 12293 12314 12302 12277 12277 12307 12266 12275] 
Iteration: 17 
Particle positions: [[290 260 282 245 238 290 253 247 229 261 238 239 219 238 195 220 239 258
  199 248]] 
Fitness: [12303 12277 12300 12272 12311 12303 12276 12273 12299 12277 12311 12230
 12283 12311 12252 12285 12231 12278 12258 12274] 
Iteration: 18 
Particle positions: [[216 214 251 220 275 265 243 237 235 257 247 225 290 236 187 282 231 234
  223 226]] 
Fitness: [12277 12273 12275 12285 12294 12280 12315 12309 12307 12277 12274 12293
 12303 12309 12286 12299 12302 12306 12291 12295] 
Iteration: 19 
Particle positions: [[182 260 282 284 266 283 235 237 244 241 241 234 290 246 274 278 232 249
  262 235]] 
Fitness: [12277 12277 12299 12300 12282 12300 12308 12310 12272 12313 12314 12306
 12303 12273 12292 12296 12303 12274 12277 12307] 
Iteration: 20 
Particle positions: [[287 241 265 249 225 274 234 252 243 233 237 259 246 249 263 232 258 241
  261 252]] 
Fitness: [12302 12313 12280 12274 12293 12292 12306 12276 12315 12305 12309 12278
 12273 12274 12277 12303 12277 12314 12277 12275] 
Iteration: 21 
Particle positions: [[290 230 270 208 248 274 250 240 242 253 250 232 269 241 203 222 233 239
  230 250]] 
Fitness: [12303 12301 12287 12266 12274 12292 12275 12312 12314 12276 12274 12303
 12286 12314 12262 12288 12305 12231 12301 12275] 
Iteration: 22 
Particle positions: [[222 258 241 251 258 268 251 237 243 248 246 234 280 236 214 290 247 247
  218 236]] 
Fitness: [12288 12277 12314 12276 12277 12285 12276 12309 12315 12274 12272 12305
 12297 12308 12273 12303 12274 12273 12281 12309] 
Iteration: 23 
Particle positions: [[231 265 221 254 217 236 231 241 244 236 240 250 235 247 252 290 247 245
  239 238]] 
Fitness: [12303 12281     0 12276 12279 12308 12302 12314 12271 12309 12313 12275
 12307 12273 12276 12304 12273 12272 12231 12310] 
Iteration: 24 
Particle positions: [[290 233 264 217 269 224 252 246 242 242 240 235 205 245 252 257 240 242
  256 246]] 
Fitness: [12304 12305 12278 12279 12286 12292 12276 12273 12315 12315 12313 12306
 12263 12272 12276 12277 12312 12314 12277 12273] 
Iteration: 25 
Particle positions: [[285 222 220 244 236 265 247 234 243 247 242 243 213 239 225 256 241 243
  227 246]] 
Fitness: [12301 12289 12284 12272 12309 12280 12273 12306 12315 12273 12314 12315
 12271 12232 12293 12277 12313 12315 12296 12273] 
Iteration: 26 
Particle positions: [[209 257 244 257 222 201 241 239 243 241 245 248 225 239 263 271 245 243
  243 234]] 
Fitness: [12267 12277 12272 12276 12289 12260 12313 12233 12315 12314 12272 12274
 12293 12231 12277 12290 12272 12315 12315 12306] 
Iteration: 27 
Particle positions: [[290 262 253 259 258 205 241 245 243 241 243 242 266 247 245 290 242 243
  253 237]] 
Fitness: [12304 12277 12276 12277 12278 12263 12313 12272 12315 12313 12315 12315
 12282 12273 12272 12304 12315 12315 12276 12309] 
Iteration: 28 
Particle positions: [[290 201 224 237 246 229 244 245 243 246 241 240 277 250 229 251 242 243
  234 247]] 
Fitness: [12303 12260 12292 12309 12273 12300 12271 12273 12315 12272 12314 12312
 12295 12275 12299 12275 12314 12315 12306 12273] 
Iteration: 29 
Particle positions: [[290 279 246 234 238 263 243 237 243 247 245 247 208 238 256 290 242 243
  243 248]] 
Fitness: [12303 12297 12273 12306 12310 12277 12315 12309 12316 12273 12272 12274
 12266 12311 12277 12303 12314 12316 12315 12274] 
Iteration: 30 
Particle positions: [[264 241 253 259 234 243 242 243 243 237 240 237 231 244 243 290 243 243
  248 225]] 
Fitness: [12279 12313 12276 12278 12305 12315 12315 12315 12315 12309 12312 12310
 12302 12271 12315 12303 12315 12315 12274 12294] 
Iteration: 31 
Particle positions: [[263 218 229 218 245 231 244 246 243 237 244 244 266 244 235 220 243 243
  236 242]] 
Fitness: [12277 12280 12300 12281 12272 12301 12271 12273 12316 12310 12271 12271
 12282 12271 12307 12285 12315 12315 12309 12314] 
Iteration: 32 
Particle positions: [[262 265 248 237 241 261 243 243 243 247 243 245 204 243 250 216 242 243
  241 254]] 
Fitness: [12277 12280 12273 12309 12313 12277 12315 12314 12315 12274 12315 12272
 12263 12315 12275 12277 12314 12315 12314 12277] 
Iteration: 33 
Particle positions: [[275 248 244 265 242 240 242 241 243 240 242 240 290 242 242 290 242 243
  247 244]] 
Fitness: [12293 12274 12272 12281 12315 12312 12314 12313 12315 12313 12314 12313
 12303 12314 12314 12303 12314 12315 12274 12271] 
Iteration: 34 
Particle positions: [[285 225 236 254 243 234 243 242 243 244 245 244 164 243 239 290 243 243
  248 235]] 
Fitness: [12301 12294 12308 12276 12315 12306 12315 12314 12315 12271 12272 12271
 12239 12315 12311 12303 12315 12316 12274 12306] 
Iteration: 35 
Particle positions: [[229 246 245 219 243 245 243 244 243 244 241 243 198 244 251 290 242 243
  240 249]] 
Fitness: [12300 12273 12271 12283 12315 12272 12315 12271 12315 12271 12314 12316
 12256 12270 12275 12303 12314 12316 12313 12275] 
Iteration: 36 
Particle positions: [[233 244 245 223 243 245 243 243 243 239 242 242 290 242 242 253 242 243
  246 241]] 
Fitness: [12305 12272 12272 12290 12314 12272 12315 12315 12315 12231 12314 12314
 12302 12314 12314 12276 12314 12315 12273 12313] 
Iteration: 37 
Particle positions: [[252 237 237 248 242 242 243 242 243 244 245 242 290 244 239 254 243 243
  238 240]] 
Fitness: [12275 12309 12309 12274 12314 12314 12316 12314 12315 12271 12273 12314
 12303 12271 12231 12276 12316 12315 12310 12313] 
Iteration: 38 
Particle positions: [[238 239 241 252 243 242 243 243 243 244 241 244 229 242 249 290 243 243
  241 248]] 
Fitness: [12311 12232 12314 12276 12314 12314 12315 12315 12315 12272 12314 12271
 12299 12314 12274 12303 12315 12314 12313 12275] 
Iteration: 39 
Particle positions: [[233 247 245 228 241 244 243 243 243 239 241 243 216 244 243 231 243 243
  245 242]] 
Fitness: [12305 12273 12272 12297 12314 12272 12315 12315 12315 12231 12314 12315
 12277 12271 12315 12302 12315 12315 12272 12314] 
Iteration: 40 
Particle positions: [[245 238 246 252 242 243 243 243 243 244 245 242 254 245 240 231 243 243
  244 239]] 
Fitness: [12272 12310 12273 12277 12314 12315 12316 12316 12316 12272 12272 12314
 12276 12272 12313 12302 12315 12315 12272 12231] 
Iteration: 41 
Particle positions: [[245 242 238 242 242 242 243 243 243 243 244 242 249 243 241 290 243 243
  242 250]] 
Fitness: [12272 12315 12310 12314 12315 12314 12316 12315 12315 12315 12272 12314
 12274 12315 12314 12303 12315 12315 12315 12275] 
Iteration: 42 
Particle positions: [[236 244 243 238 243 245 243 243 243 242 242 244 238 242 245 269 243 243
  244 241]] 
Fitness: [12308 12271 12315 12311 12315 12272 12315 12315 12315 12314 12314 12271
 12311 12315 12272 12286 12315 12315 12271 12314] 
Iteration: 43 
Particle positions: [[240 241 245 238 241 240 243 243 243 242 242 243 242 245 242 255 243 243
  242 239]] 
Fitness: [12312 12313 12272 12310 12313 12312 12315 12315 12315 12314 12315 12315
 12314 12272 12314 12276 12315 12315 12313 12311] 
Iteration: 44 
Particle positions: [[244 243 244 243 241 245 243 243 243 243 244 242 245 243 244 263 243 243
  242 241]] 
Fitness: [12271 12315 12272 12315 12313 12272 12315 12315 12315 12315 12271 12314
 12272 12315 12272 12277 12315 12315 12314 12314] 
Iteration: 45 
Particle positions: [[241 243 240 245 244 241 243 243 243 241 242 245 244 242 242 290 243 243
  244 245]] 
Fitness: [12313 12316 12312 12272 12271 12314 12315 12314 12315 12313 12314 12272
 12271 12314 12314 12303 12316 12315 12271 12272] 
Iteration: 46 
Particle positions: [[243 243 241 241 241 243 243 243 243 244 243 241 242 242 244 225 243 243
  243 246]] 
Fitness: [12315 12315 12313 12314 12313 12316 12315 12315 12315 12271 12315 12314
 12314 12314 12271 12294 12315 12314 12315 12273] 
Iteration: 47 
Particle positions: [[243 243 245 241 242 243 243 243 243 242 243 241 241 244 241 285 243 243
  242 238]] 
Fitness: [12315 12315 12272 12313 12314 12315 12316 12315 12315 12314 12315 12313
 12313 12271 12313 12301 12315 12315 12314 12310] 
Iteration: 48 
Particle positions: [[243 243 243 245 243 243 243 243 243 243 243 248 244 242 244 259 243 243
  243 244]] 
Fitness: [12315 12315 12315 12272 12314 12315 12315 12315 12315 12315 12315 12274
 12271 12314 12271 12277 12315 12315 12315 12271] 
Iteration: 49 
Particle positions: [[243 243 242 245 242 243 243 243 243 242 243 245 242 242 244 242 243 243
  243 243]] 
Fitness: [12315 12315 12315 12272 12315 12315 12314 12314 12315 12314 12315 12272
 12314 12314 12271 12314 12315 12316 12315 12315] 
Object: 1 
Iteration: 0 
Particle positions: [[-244   19   92  122  -86 -198   58  138 -111  186 -156  286  167  145
    77 -103 -113 -273  -80   -5]] 
Fitness: [10549 12176 12367 12368 11729 10935 12284 12377 11578 12362 11270 12222
 12402 12383 12335 11630 11566 10206 11763 12133] 
Iteration: 1 
Particle positions: [[ 290  217  144  191   83 -154  238  167   -2  175  290  207  167  159
   206  -82  -74  290  -27  201]] 
Fitness: [12216 12346 12383 12360 12349 11284 12336 12402 12144 12404 12217 12350
 12403 12397 12351 11752 11795 12217 12038 12354] 
Iteration: 2 
Particle positions: [[290 290 240 186 285 290 274 201 244 165 290  78 168 191 289 193 204 290
  290 290]] 
Fitness: [12216 12218 12334 12362 12225 12217 12237 12354 12330 12401 12217 12337
 12403 12360 12218 12359 12352 12217 12217 12217] 
Iteration: 3 
Particle positions: [[290 102 157  68 124 290 162 145 290 171 290 144 179 153 193 290 290 290
  290  74]] 
Fitness: [12217 12385 12396 12312 12369 12217 12400 12383 12217 12404 12217 12382
 12406 12392 12359 12217 12217 12217 12218 12327] 
Iteration: 4 
Particle positions: [[290 -55 114  42  12 290  93 174 230 181 216 267 189 137  86 290 290 290
  290  79]] 
Fitness: [12217 11899 12359 12245 12152 12218 12369 12404 12341 12405 12346 12249
 12361 12377 12355 12216 12217 12216 12217 12339] 
Iteration: 5 
Particle positions: [[290 290 139 246 290 290 149 199 166 189 111  85 163 176  96 105 168 290
  217 290]] 
Fitness: [12217 12217 12378 12327 12217 12216 12388 12356 12401 12361 12355 12353
 12401 12405 12374 12390 12402 12217 12346 12217] 
Iteration: 6 
Particle positions: [[223 153 207 135 273 268 249 186 116 181 156  10 200 215 161  75  65 290
  106 290]] 
Fitness: [    0 12392 12350 12376 12237 12246 12279 12362 12361 12405 12395 12188
 12355 12346 12399 12330 12305 12217 12390 12217] 
Iteration: 7 
Particle positions: [[225  43 190  90 246 181 241 159 187 174 224 290 178 224 231 117 226 226
   45 246]] 
Fitness: [12344 12247 12361 12363 12328 12404 12332 12398 12362 12405 12344 12217
 12405 12345 12340 12361 12344 12344 12252 12328] 
Iteration: 8 
Particle positions: [[206 230 134 290 -59 106  13 195 242 180 185 223 162  54 267 153 221  88
  225  89]] 
Fitness: [12350 12341 12376 12217 11877 12391 12156 12358 12332 12405 12362 12343
 12400 12274 12248 12392 12345 12359 12344 12362] 
Iteration: 9 
Particle positions: [[155 270 115 290  32 232  75 176 142 185 106 109 173 230  36 202  42 134
  276  80]] 
Fitness: [12395 12242 12359 12217 12217 12340 12330 12405 12380 12362 12391 12352
 12405 12342 12229 12354 12245 12376 12235 12341] 
Iteration: 10 
Particle positions: [[114   2 290 -87 290 198 283 165 148 179  86  81 192 290 166 135 162 242
  168 187]] 
Fitness: [12359 12159 12217 11725 12216 12357 12227 12401 12387 12405 12355 12344
 12361 12217 12402 12376 12399 12331 12403 12362] 
Iteration: 11 
Particle positions: [[154 222 198 -10 290 122 239 183 203 177 252 197 202 273 290 109 289  89
   97 172]] 
Fitness: [12394 12345 12357 12112 12217 12368 12335 12406 12353 12405 12275 12358
 12354 12238 12217 12352 12218 12361 12376 12404] 
Iteration: 12 
Particle positions: [[223 290 103 290 188 199  57 195 203 184  82 209 171  36 260 207 175 205
  290 165]] 
Fitness: [    0 12216 12386 12217 12362 12356 12281 12359 12353 12362 12347 12346
 12405 12229 12262 12350 12405 12352 12216 12401] 
Iteration: 13 
Particle positions: [[110 245 148 290  53 242 215 184 114 182  28 136 165 170  56 171  87 160
  127 193]] 
Fitness: [12353 12328 12387 12217 12271 12332 12346 12363 12358 12406 12205 12376
 12401 12403 12279 12404 12357 12398 12371 12360] 
Iteration: 14 
Particle positions: [[151  68 250 189 235 211 258 171 243 176 290 145 189 290  87 153  98 129
   76 158]] 
Fitness: [12390 12312 12278 12361 12338 12345 12265 12404 12331 12406 12217 12384
 12361 12217 12357 12392 12379 12373 12332 12396] 
Iteration: 15 
Particle positions: [[228  76  37 105 212 153  -5 178 125 189 290 196 185 195 250 178 196 180
  262 149]] 
Fitness: [12342 12332 12230 12389 12346 12392 12131 12405 12370 12361 12217 12358
 12362 12358 12278 12405 12358 12405 12259 12388] 
Iteration: 16 
Particle positions: [[197 183 141 105  70 120  11 186  95 189 127 150 162  89 290 198 222 218
  290 215]] 
Fitness: [12357 12405 12378 12389 12317 12365 12193 12362 12372 12361 12371 12390
 12400 12361 12217 12357 12346 12346 12217 12346] 
Iteration: 17 
Particle positions: [[167 254 289 216  13 189 290 178  82 171  90 146 185 240 175 187 181 198
   51 228]] 
Fitness: [12403 12272 12218 12346 12156 12361 12217 12405 12346 12403 12363 12385
 12362 12334 12404 12362 12406 12357 12268 12343] 
Iteration: 18 
Particle positions: [[155 164 168 163 290 233 290 174 290 187 225 178 191 225  92 163 147 155
  112 140]] 
Fitness: [12394 12401 12402 12400 12217 12339 12217 12405 12216 12362 12344 12405
 12360 12343 12366 12400 12387 12394 12356 12378] 
Iteration: 19 
Particle positions: [[173 133  97 152  91 171 142 193 290 179 217 202 179 138 116 207 241 193
  290 200]] 
Fitness: [12405 12374 12376 12391 12365 12403 12379 12360 12217 12406 12346 12354
 12406 12378 12361 12349 12333 12360 12217 12355] 
Iteration: 20 
Particle positions: [[189 184 152 197  58 140 123 179  71 177  87 185 170 113 268 144 156 209
  138 196]] 
Fitness: [12361 12362 12392 12357 12283 12378 12368 12406 12320 12406 12357 12362
 12404 12357 12246 12383 12395 12347 12377 12358] 
Iteration: 21 
Particle positions: [[171 216 263 155 237 250 157 170 101 177  86 159 188 279 206 139 159 119
   70 124]] 
Fitness: [12403 12346 12256 12393 12337 12278 12396 12404 12383 12406 12355 12397
 12361 12232 12350 12377 12398 12364 12318 12370] 
Iteration: 22 
Particle positions: [[177 152 120 166 142 275 191 184 290 183 290 179 190 263 108 253 197 111
  290 190]] 
Fitness: [12405 12392 12365 12401 12380 12235 12360 12362 12217 12405 12216 12405
 12361 12256 12351 12273 12357 12355 12217 12361] 
Iteration: 23 
Particle positions: [[180 201  38 192 120  98 159 193 290 182 215 191 168  96 179 141 191 290
  290 224]] 
Fitness: [12405 12355 12234 12360 12365 12379 12397 12360 12217 12405 12346 12360
 12403 12374 12404 12379 12361 12217 12217 12344] 
Iteration: 24 
Particle positions: [[179 193 204 151 166 210 173 179 129 178  67 190 181 133 221 110 146 264
  143 103]] 
Fitness: [12406 12360 12351 12390 12402 12346 12404 12405 12372 12405 12310 12361
 12405 12375 12346 12354 12385 12254 12381 12386] 
Iteration: 25 
Particle positions: [[178 157 218 158 215 227 183 174 103 182 130 173 185 221 166 257 180  18
  144 213]] 
Fitness: [12406 12395 12345 12396 12346 12344 12406 12405 12386 12405 12373 12404
 12362 12345 12401 12268 12405 12173 12382 12346] 
Iteration: 26 
Particle positions: [[178 226 191 188 108 137 182 176 259 182 210 174 183 177 152 186 202 -74
  179 174]] 
Fitness: [12406 12343 12361 12362 12350 12377 12404 12405 12263 12405 12347 12404
 12406 12406 12391 12362 12354 11795 12405 12405] 
Iteration: 27 
Particle positions: [[180 204 137 183 139 179 178 188 156 176 160 180 175 151 151 120 160 290
  201 155]] 
Fitness: [12406 12352 12377 12405 12378 12405 12405 12362 12395 12406 12398 12405
 12405 12391 12390 12365 12397 12216 12354 12394] 
Iteration: 28 
Particle positions: [[178 139 164 178 226 205 181 184 129 179 131 182 180 169 202 169 158 279
  170 169]] 
Fitness: [12405 12377 12401 12406 12343 12351 12406 12362 12372 12405 12373 12406
 12406 12403 12354 12403 12396 12231 12404 12403] 
Iteration: 29 
Particle positions: [[179 199 202 176 160 161 180 179 277 183 189 180 181 201 182 208 211  66
  170 195]] 
Fitness: [12405 12356 12354 12406 12399 12399 12406 12405 12234 12404 12361 12405
 12405 12354 12406 12348 12346 12307 12403 12358] 
Iteration: 30 
Particle positions: [[179 228 209 180 140 162 181 177 198 182 166 180 178 173 164 201 130 180
  185 191]] 
Fitness: [12405 12343 12347 12406 12379 12400 12405 12404 12356 12405 12402 12406
 12406 12405 12401 12354 12374 12406 12362 12360] 
Iteration: 31 
Particle positions: [[179 159 152 181 236 195 180 182  82 177 171 183 179 165 206 160 161 248
  176 151]] 
Fitness: [12406 12398 12392 12406 12338 12358 12405 12406 12347 12405 12404 12406
 12405 12402 12350 12398 12399 12325 12405 12391] 
Iteration: 32 
Particle positions: [[179 161 179 176 106 163 180 182 190 182 180 183 180 191 180 171 228 213
  176 179]] 
Fitness: [12405 12399 12405 12406 12391 12400 12406 12405 12361 12405 12405 12406
 12406 12360 12406 12403 12342 12346 12405 12405] 
Iteration: 33 
Particle positions: [[179 217 195 178 183 190 181 176 223 184 183 177 178 173 166 197 207 109
  185 191]] 
Fitness: [12406 12345 12359 12406 12405 12360 12405 12405 12346 12362 12406 12405
 12405 12404 12401 12357 12350 12353 12362 12360] 
Iteration: 34 
Particle positions: [[179 160 150 181 222 179 183 189 111 180 184 185 180 173 197 192 157 167
  176 184]] 
Fitness: [12405 12398 12390 12405 12346 12406 12405 12361 12355 12406 12362 12362
 12405 12405 12357 12360 12396 12402 12405 12362] 
Iteration: 35 
Particle positions: [[179 173 144 177 197 173 184 182  83 178 180 183 179 181 192 161 182 226
  175 165]] 
Fitness: [12405 12405 12382 12406 12358 12405 12362 12406 12348 12405 12405 12405
 12406 12406 12359 12399 12406 12344 12404 12401] 
Iteration: 36 
Particle positions: [[179 187 270 179 152 179 173 175 290 182 180 174 178 178 172 195 195 175
  181 185]] 
Fitness: [12406 12362 12242 12405 12392 12404 12404 12405 12217 12405 12405 12404
 12405 12405 12403 12359 12359 12405 12405 12363] 
Iteration: 37 
Particle positions: [[179 194 232 179 179 182 184 187 249 183 180 186 179 177 186 169 174 153
  181 187]] 
Fitness: [12405 12359 12340 12405 12405 12405 12363 12362 12279 12405 12405 12362
 12406 12406 12362 12403 12404 12393 12405 12362] 
Iteration: 38 
Particle positions: [[179 152 109 178 194 182 181 183  87 176 180 178 179 177 180 182 173 208
  180 153]] 
Fitness: [12406 12391 12352 12405 12359 12405 12405 12405 12357 12405 12405 12406
 12405 12405 12405 12406 12404 12349 12405 12392] 
Iteration: 39 
Particle positions: [[179 218 200 178 161 173 181 180 196 187 184 179 179 178 177 186 189 202
  177 180]] 
Fitness: [12405 12346 12356 12405 12399 12404 12406 12406 12358 12361 12362 12406
 12406 12405 12406 12361 12361 12354 12406 12406] 
Iteration: 40 
Particle positions: [[179 159 213 178 175 179 184 183 203 184 185 181 179 178 179 180 170 161
  176 193]] 
Fitness: [12406 12397 12346 12405 12405 12405 12363 12406 12354 12363 12362 12405
 12406 12405 12405 12406 12404 12399 12404 12360] 
Iteration: 41 
Particle positions: [[179 185 171 179 185 182 179 181 132 173 178 181 179 177 181 176 185 167
  177 171]] 
Fitness: [12405 12362 12403 12405 12362 12405 12405 12405 12374 12405 12405 12405
 12406 12405 12406 12405 12362 12403 12405 12404] 
Iteration: 42 
Particle positions: [[179 186 160 178 183 178 179 179 196 180 180 179 179 179 178 188 183 203
  180 178]] 
Fitness: [12405 12362 12398 12406 12406 12405 12405 12405 12359 12406 12406 12406
 12405 12405 12405 12361 12406 12353 12406 12405] 
Iteration: 43 
Particle positions: [[179 180 205 179 179 178 185 183 178 183 180 183 179 178 182 177 175 156
  178 184]] 
Fitness: [12405 12405 12351 12406 12405 12406 12362 12406 12406 12405 12406 12406
 12406 12405 12406 12405 12405 12395 12405 12362] 
Iteration: 44 
Particle positions: [[179 177 157 178 181 179 174 181 170 183 183 182 179 176 178 182 180 191
  176 179]] 
Fitness: [12405 12406 12395 12406 12405 12406 12405 12405 12404 12405 12404 12405
 12405 12406 12405 12406 12406 12361 12405 12406] 
Iteration: 45 
Particle positions: [[179 175 167 178 182 179 170 181 184 180 178 178 179 178 184 181 182 188
  178 177]] 
Fitness: [12405 12405 12402 12405 12405 12405 12403 12406 12362 12405 12405 12405
 12405 12405 12362 12405 12405 12361 12405 12406] 
Iteration: 46 
Particle positions: [[179 182 187 179 178 179 199 183 175 178 186 178 179 177 176 177 177 156
  179 181]] 
Fitness: [12406 12405 12362 12406 12405 12405 12356 12405 12405 12406 12362 12405
 12405 12405 12406 12405 12406 12395 12405 12406] 
Iteration: 47 
Particle positions: [[179 182 181 178 177 179 181 182 175 178 183 183 179 179 179 181 182 154
  178 178]] 
Fitness: [12406 12405 12405 12405 12405 12405 12405 12405 12405 12406 12406 12405
 12405 12405 12405 12406 12405 12394 12406 12405] 
Iteration: 48 
Particle positions: [[179 177 175 178 183 179 172 178 179 187 176 176 179 178 186 181 180 162
  177 181]] 
Fitness: [12406 12406 12406 12405 12406 12406 12404 12406 12406 12362 12405 12405
 12406 12405 12363 12405 12405 12400 12406 12405] 
Iteration: 49 
Particle positions: [[179 177 174 179 182 179 188 185 179 180 181 185 179 178 178 180 180 205
  180 180]] 
Fitness: [12405 12405 12405 12406 12405 12406 12362 12362 12405 12406 12405 12361
 12405 12405 12405 12405 12406 12351 12406 12405] 
Object: 2 
Iteration: 0 
Particle positions: [[ 114   33  129 -133   43 -141    6  289  -63  179 -200    9 -182  142
   268  136  214  -55   21 -130]] 
Fitness: [12672 12535 12687 11481 12570 11397 12423 12360 12032 12633 10591 12438
 10885 12693 12422 12692 12595 12086 12489 11511] 
Iteration: 1 
Particle positions: [[127 132 146  98 233 -39  84  36  87 158 290  82   9 142 242 148 115 213
   89 242]] 
Fitness: [12686 12688 12693 12648 12516 12186 12630 12547 12634 12650 12358 12626
 12437 12692 12494 12693 12673 12597 12636 12494] 
Iteration: 2 
Particle positions: [[ 148  229  161  290  138  104  262 -178  225  135  290  222  290  143
   113  152   54  290  183  290]] 
Fitness: [12693 12567 12649 12358 12691 12657 12436 10940 12575 12690 12357 12581
 12357 12693 12672 12653 12602 12357 12627 12357] 
Iteration: 3 
Particle positions: [[159 112 132 290  60 290 290 -58 214 127 290 242 290 143  18 141 136 290
  153 256]] 
Fitness: [12650 12671 12690 12357 12579 12358 12358 12065 12596 12686 12357 12494
 12357 12693 12476 12692 12691 12357 12653 12452] 
Iteration: 4 
Particle positions: [[ 129   90  145 -267  221  141  280  290  147  157  290  -45   45  141
   224  136  212   33  115  164]] 
Fitness: [12686 12637 12693  9557 12583 12692 12389 12357 12693 12651 12357 12150
 12578 12692 12577 12691 12599 12536 12674 12648] 
Iteration: 5 
Particle positions: [[ 156   98  153 -300  256   14 -198    7   87  169  290  -18  -94  144
   204  152  157  290  135   76]] 
Fitness: [12652 12647 12653  8816 12451 12459 10708 12430 12633 12643 12358 12302
 11791 12692 12885 12653 12652 12357 12690 12614] 
Iteration: 6 
Particle positions: [[231 132 175 290 217 151 290 141 246 201 290 168 183 161 187 171 122 290
  187 131]] 
Fitness: [12521 12689 12637 12357 12590 12653 12358 12693 12482 12554 12357 12645
 12627 12649 12624 12642 12682 12356 12624 12688] 
Iteration: 7 
Particle positions: [[ 90 248 216 290  46 271 290 261 243 209 228 290 290 195 212 178 263 162
  158 290]] 
Fitness: [12638 12476 12592 12358 12580 12415 12357 12439 12490 12603 12569 12357
 12358 12618 12598 12634 12434 12649 12651 12357] 
Iteration: 8 
Particle positions: [[238 127 207 290  98 142 174 115  60 110 172 290 290 165 222 157 290  56
  160 123]] 
Fitness: [12504 12686 12953 12357 12647 12692 12638 12673 12579 12668 12640 12358
 12358 12646 12581 12651 12358 12567 12650 12682] 
Iteration: 9 
Particle positions: [[290 183 200 -49 290  95 121  28 265 141 185 133 290 200 213 129  72 195
  210 126]] 
Fitness: [12357 12628     0 12125 12357 12643 12680 12516 12430 12692 12625 12689
 12358     0 12597 12687 12607 12618 12601 12685] 
Iteration: 10 
Particle positions: [[ 94 237 205  14 236 290 218 230 290 221 208 107  56 155 181 155 222 266
  159 143]] 
Fitness: [12643 12507 12666 12459 12509 12357 12588 12523 12357 12583 12604 12663
 12569 12652 12631 12652 12581 12428 12650 12693] 
Iteration: 11 
Particle positions: [[214 165 215 290  69 133 183 272 290 146 170 141  88 112 190 204 223 184
   89 193]] 
Fitness: [12595 12647 12593 12359 12600 12689 12628 12413 12357 12693 12642 12693
 12636 12670 12622 12610 12579 12625 12637 12620] 
Iteration: 12 
Particle positions: [[272 136 210 290  56  36 111 130  97 170 143 290 290 232 243 211 199 127
  246 163]] 
Fitness: [12412 12690 12601 12357 12570 12546 12669 12688 12647 12642 12693 12358
 12358 12519 12490 12599 12615 12686 12482 12648] 
Iteration: 13 
Particle positions: [[234 135 198  87 197  66 248 154  42 207 153 290 107 206 186 118 183 173
  190 143]] 
Fitness: [12514 12690 12616 12633 12616 12593 12476 12653 12566 12954 12653 12357
 12663 12620 12624 12678 12627 12639 12622 12693] 
Iteration: 14 
Particle positions: [[132 224 203 104 247 290 117 197 290 235 217  54 134 177 167  93 157 167
   99 244]] 
Fitness: [12689 12577     0 12657 12479 12357 12676 12616 12358 12511 12590 12603
 12690 12635 12645 12642 12652 12645 12650 12488] 
Iteration: 15 
Particle positions: [[207 148 220 131 100 225 134 245 290 178 190  88 180 131 264 290 112 203
  206 116]] 
Fitness: [12606 12692 12585 12687 12651 12576 12690 12485 12358 12633 12621 12635
 12631 12688 12432 12358 12670     0 12621 12675] 
Iteration: 16 
Particle positions: [[241 130 199 254 194  58 257 135 228 200 109 196 172 132 226 290 131 175
  152 123]] 
Fitness: [12497 12688 12615 12458 12619 12574 12448 12691 12570     0 12666 12618
 12641 12689 12573 12357 12689 12638 12653 12682] 
Iteration: 17 
Particle positions: [[ 36 286 204 192 261 217 195 100 -16 234 169 221 190 268 167  50 285 151
   90 205]] 
Fitness: [12545 12371 12885 12621 12438 12590 12618 12650 12312 12515 12644 12583
 12622 12421 12645 12591 12373 12653 12637 12666] 
Iteration: 18 
Particle positions: [[236  70 214  42  10 230  59 217 290 211 266 126 106  89 147  70 166 148
  290 262]] 
Fitness: [12510 12602 12595 12566 12443 12524 12576 12590 12357 12599 12427 12684
 12662 12635 12693 12603 12646 12692 12358 12437] 
Iteration: 19 
Particle positions: [[ 290  -32  215  137 -115  202  225  165  290  189  213  113  214   39
   290  290   75  211  290  203]] 
Fitness: [12358 12227 12593 12691 11606 12974 12575 12647 12357 12622 12596 12670
 12595 12556 12358 12358 12613 12600 12357     0] 
Iteration: 20 
Particle positions: [[219 290 184 260 213 182 163 102 112 207 149 225 205 206 217 222 154 176
  260 101]] 
Fitness: [12587 12357 12625 12441 12597 12628 12648 12655 12670 12954 12693 12576
 12666 12606 12591 12581 12652 12635 12441 12653] 
Iteration: 21 
Particle positions: [[ 33 290 199 209 290 208 153 135 132 216 186 193 101 290 163  37 250 172
   67 193]] 
Fitness: [12535 12357     0 12603 12357     0 12652 12689 12689 12592 12625 12620
 12652 12357 12648 12549 12470 12641 12597 12620] 
Iteration: 22 
Particle positions: [[112 152 216 103 105 213 164 247 247 184 171 129 113  48 205 290 183 212
   35 173]] 
Fitness: [12671 12653 12592 12656 12659 12596 12647 12480 12479 12625 12642 12687
 12671 12585 12667 12358 12627 12599 12542 12639] 
Iteration: 23 
Particle positions: [[290 122 197 100 162 214 220 123 218 182 158 124 146 243 231 180 112 209
  132 206]] 
Fitness: [12358 12681 12616 12651 12648 12595 12585 12682 12589 12629 12651 12683
 12694 12491 12521 12631 12670 12603 12689 12606] 
Iteration: 24 
Particle positions: [[224 257 207 270 219 201  66  75 178 256 195 235 257 290 189 105 263 170
  278 184]] 
Fitness: [12577 12448 12606 12417 12586 12613 12594 12613 12634 12452 12618 12512
 12449 12357 12624 12659 12435 12643 12395 12625] 
Iteration: 25 
Particle positions: [[ 74 175 211 173 202 194 216 234 122 224 230 248  61  89 199 153 289 181
  241 176]] 
Fitness: [12611 12637 12600 12640 12973 12619 12591 12514 12682 12577 12523 12477
 12581 12637     0 12653 12361 12630 12497 12636] 
Iteration: 26 
Particle positions: [[158 107 201 117 191 210 258 212 142 168 144 196  79  90 210 247 -52 204
  174 139]] 
Fitness: [12652 12662 12555 12677 12623 12601 12445 12599 12693 12644 12692 12617
 12621 12637 12601 12479 12106 12886 12638 12693] 
Iteration: 27 
Particle positions: [[275 151 207 152 196 217 257 118 256 217 138  87 257 290 198 181 178 217
   67 232]] 
Fitness: [12404 12653 12953 12654 12617 12590 12448 12677 12452 12590 12692 12634
 12448 12357 12615 12631 12633 12590 12596 12519] 
Iteration: 28 
Particle positions: [[ 65 224 207 210 214 194 165 212 154 224 268 274 158  22 200 157 290 183
  197 126]] 
Fitness: [12592 12578 12604 12601 12596 12619 12646 12598 12653 12577 12422 12406
 12651 12493     0 12651 12357 12627 12617 12685] 
Iteration: 29 
Particle positions: [[267 149 199 124 209 208 107 208 104 174  81 290  89 110 207 168 261 220
  165 219]] 
Fitness: [12424 12692     0 12683 12603 12603 12663 12604 12658 12638 12624 12357
 12637 12667 12953 12644 12439 12586 12647 12587] 
Iteration: 30 
Particle positions: [[290 112 206 155 189 203 235 158 150 193  81 173 290 290 205 140 -46 198
  123 230]] 
Fitness: [12358 12670 12622 12652 12623 12610 12512 12650 12692 12620 12624 12640
 12357 12358 12667 12692 12144 12615 12682 12524] 
Iteration: 31 
Particle positions: [[ 42 243 207 175 217 199 157 120 199 238 290  70  79  94 203 171  28 194
  197 207]] 
Fitness: [12566 12490 12606 12637 12590 12616 12651 12679     0 12505 12358 12602
 12621 12643     0 12641 12516 12620 12617 12953] 
Iteration: 32 
Particle positions: [[ 82 200 206 158 200 205 125 166 197 163 277 147 182  67 204 218 231 204
  139 189]] 
Fitness: [12626 12614 12622 12651     0 12667 12685 12645 12617 12647 12399 12692
 12629 12597 12886 12588 12521 12886 12691 12623] 
Iteration: 33 
Particle positions: [[290  94 206 140 192 204 256 213 169 248 134 286 253 160 206 154 209 209
  129 201]] 
Fitness: [12357 12643 12621 12692 12621 12886 12452 12597 12643 12476 12690 12370
 12461 12650 12621 12652 12603 12602 12686 12553] 
Iteration: 34 
Particle positions: [[212 133 204 246 203 200  74 140 131 201 128 135 259 192 207 144 153 192
  186 216]] 
Fitness: [12599 12689 12887 12482     0 12613 12610 12692 12687 12552 12686 12690
 12443 12621 12953 12693 12653 12620 12624 12592] 
Iteration: 35 
Particle positions: [[118 206 200 114 206 203 165 140 262 185 216 162  60 166 207 182 133 220
  155 189]] 
Fitness: [12677 12607 12613 12672 12607     0 12646 12693 12437 12625 12592 12648
 12579 12646 12953 12628 12689 12584 12652 12623] 
Iteration: 36 
Particle positions: [[233 224 202  94 206 201 208 168  35 229 114 214 158 213 198 177 224 203
  111 222]] 
Fitness: [12516 12578 12975 12642 12607 12553 12603 12645 12542 12567 12672 12595
 12651 12597 12615 12636 12577 12611 12668 12581] 
Iteration: 37 
Particle positions: [[ 79  46 203 139 194 202 122 196  36 212 146 118 227 197 194 126  61 195
  193 186]] 
Fitness: [12620 12579     0 12691 12619 12976 12682 12619 12545 12599 12692 12677
 12571 12616 12619 12684 12582 12619 12620 12624] 
Iteration: 38 
Particle positions: [[178 290 203 193 209 202 159 194 290 187 241 104 187 123 207 234 165 205
  225 207]] 
Fitness: [12635 12357 12610 12620 12603 12974 12650 12619 12357 12624 12496 12657
 12624 12682 12953 12514 12647 12666 12575 12953] 
Iteration: 39 
Particle positions: [[241 283 201 148 203 202 215 115 230 194 177 240 142 127 206 122 181 207
   57 212]] 
Fitness: [12496 12380 12553 12692     0 12975 12593 12674 12524 12619 12635 12499
 12692 12685 12607 12682 12630 12951 12571 12598] 
Iteration: 40 
Particle positions: [[210 157 202 121 198 202 202 134  -6 227 168 195 225 236 200 199 133 206
  206 203]] 
Fitness: [12601 12652 12975 12681     0 12974 12974 12689 12365 12570 12645 12618
 12575 12510     0 12615 12690 12620 12620     0] 
Iteration: 41 
Particle positions: [[171 108 202 134 206 202 195 263  70 182 160 128 153 231 201 181 235 201
  155 198]] 
Fitness: [12642 12663 12976 12689 12620 12975 12618 12434 12602 12628 12650 12686
 12652 12522 12553 12630 12512 12612 12652 12615] 
Iteration: 42 
Particle positions: [[169 260 202 242 197 202 208 -34 290 220 154 146 186  74 207 161 210 208
  127 218]] 
Fitness: [12644 12442 12974 12494 12617 12975     0 12215 12357 12585 12653 12692
 12624 12611 12953 12650 12601     0 12685 12588] 
Iteration: 43 
Particle positions: [[141  95 202  76 203 202 199 135 107 207 223 165 176 279 208 216  81 202
  267 206]] 
Fitness: [12693 12644 12975 12615     0 12975 12615 12690 12662 12953 12578 12646
 12637 12392 12604 12592 12624 12975 12425 12607] 
Iteration: 44 
Particle positions: [[148  98 202 251 204 202 203 275 166 194  89 171 199 105 197 163 290 199
  177 200]] 
Fitness: [12694 12647 12975 12468 12885 12974     0 12404 12646 12620 12636 12641
 12615 12659 12617 12649 12357 12615 12635 12613] 
Iteration: 45 
Particle positions: [[192 215 202 155 201 202 201  55 208 197 159 165 202 100 204 159 221 202
  137 208]] 
Fitness: [12621 12593 12974 12651 12553 12975 12612 12566 12604 12617 12650 12647
 12975 12651 12885 12651 12583 12975 12691     0] 
Iteration: 46 
Particle positions: [[183 229 202 125 202 202 202  38 117 201 165 174 203 290 207 230  29 203
  124 199]] 
Fitness: [12627 12567 12975 12684 12975 12975 12611 12553 12676 12554 12646 12639
     0 12357 12953 12523 12521     0 12683     0] 
Iteration: 47 
Particle positions: [[160 126 202 185 202 202 202 194 251 209 192 179 200  55 202 148  91 203
  176 205]] 
Fitness: [12650 12684 12974 12624 12975 12975 12975 12619 12467 12602 12620 12633
 12614 12566 12975 12692 12639     0 12636 12608] 
Iteration: 48 
Particle positions: [[208 239 202 194 202 202 202 222 110 209 196 159 203 182 200 190 290 201
  173 204]] 
Fitness: [    0 12502 12975 12619 12975 12976 12976 12580 12667 12602 12618 12650
     0 12629     0 12622 12357 12613 12640 12886] 
Iteration: 49 
Particle positions: [[135 187 202 115 202 202 202 134 245 201 144 190 202 202 201 209 188 201
  150 203]] 
Fitness: [12690 12624 12975 12675 12975 12612 12974 12690 12486 12613 12693 12621
 12975 12974 12554 12603 12623 12553 12693     0] 
place side object: 1 
Object: 0 
Iteration: 0 
Particle positions: [[ 254  231  189  -35   -8 -125  248  162  152 -183 -179 -228    3 -101
  -124  213   37  266  -67   62]] 
Fitness: [12223 12185 12003 10895 11058 10346 12203 11930     0  9999 10023  9752
 11122 10552 10353 12107 11314 12272 10757 11460] 
Iteration: 1 
Particle positions: [[ 258  261  290  284   95  119  264  290  160 -126  290  268  290  290
   -45  290  290  267  183  290]] 
Fitness: [12237 12251 12317 12342 11644 11715 12264 12318 11919 10340 12318 12281
 12318 12317 10891 12317 12317 12276 11978 12317] 
Iteration: 2 
Particle positions: [[264 290 290 290 252 290 290 290 232 290 290 290 290 290  56 290 290 290
  290 290]] 
Fitness: [12264 12318 12317 12318 12217 12317 12317 12318 12190 12317 12318 12318
 12318 12318 11425 12318 12318 12318 12317 12317] 
Iteration: 3 
Particle positions: [[284 290 290 290 290 290 290 290 290 290 290 290 290 290 290 290 290 290
  290 290]] 
Fitness: [12342 12317 12318 12318 12318 12317 12318 12318 12318 12317 12317 12318
 12318 12318 12318 12318 12318 12318 12317 12318] 
Iteration: 4 
Particle positions: [[290 290 290 290 290 290 290 290 290 290 290 290 290 290 290 290 290 290
  290 290]] 
Fitness: [12318 12318 12318 12318 12318 12317 12317 12318 12318 12317 12318 12318
 12317 12318 12318 12317 12318 12317 12317 12318] 
Iteration: 5 
Particle positions: [[289 290 290 290 290 290 290 290 290 290 290 290 290 290 290 290 290 290
  290 290]] 
Fitness: [12314 12318 12318 12318 12318 12317 12318 12317 12318 12318 12318 12318
 12317 12318 12317 12318 12317 12318 12318 12317] 
Iteration: 6 
Particle positions: [[278 290 290 290 290 290 289 290 290 290 290 290 290 290 290 290 290 290
  290 290]] 
Fitness: [12321 12318 12317 12318 12317 12317 12314 12318 12318 12318 12318 12318
 12317 12318 12317 12318 12318 12318 12318 12317] 
Iteration: 7 
Particle positions: [[276 286 290 290 290 290 284 290 290 290 290 290 290 290 290 290 290 285
  290 290]] 
Fitness: [12313 12348 12318 12318 12318 12318 12341 12318 12318 12317 12318 12318
 12318 12318 12318 12317 12317 12346 12318 12317] 
Iteration: 8 
Particle positions: [[285 283 290 290 290 290 283 290 290 290 290 290 290 290 290 290 290 282
  290 290]] 
Fitness: [12345 12338 12318 12318 12317 12317 12338 12318 12318 12318 12318 12317
 12318 12318 12318 12318 12318 12335 12318 12317] 
Iteration: 9 
Particle positions: [[290 287 290 290 290 290 283 290 290 290 290 290 290 290 290 290 290 287
  290 290]] 
Fitness: [12317 12308 12317 12317 12318 12317 12338 12317 12317 12318 12318 12319
 12318 12318 12317 12317 12317 12308 12317 12318] 
Iteration: 10 
Particle positions: [[283 289 290 290 290 290 289 290 290 290 290 290 290 290 290 289 290 289
  290 290]] 
Fitness: [12338 12315 12317 12317 12317 12318 12314 12318 12318 12318 12317 12318
 12318 12318 12317 12315 12317 12314 12318 12318] 
Iteration: 11 
Particle positions: [[283 285 288 287 290 290 283 290 290 290 290 290 290 290 290 284 290 287
  290 290]] 
Fitness: [12338 12345 12311 12308 12317 12317 12338 12317 12318 12317 12317 12317
 12317 12317 12317 12342 12317 12308 12318 12318] 
Iteration: 12 
Particle positions: [[289 284 285 278 290 290 285 290 290 290 290 290 290 290 290 283 290 284
  290 290]] 
Fitness: [12314 12342 12345 12320 12317 12318 12346 12318 12318 12317 12318 12317
 12318 12317 12318 12338 12318 12342 12317 12317] 
Iteration: 13 
Particle positions: [[284 285 283 280 289 290 287 285 290 290 290 290 290 290 290 286 290 284
  290 290]] 
Fitness: [12342 12345 12338 12327 12315 12318 12308 12346 12318 12317 12318 12318
 12318 12317 12318 12348 12317 12341 12318 12318] 
Iteration: 14 
Particle positions: [[282 287 283 287 284 290 287 281 289 290 290 290 290 290 290 288 290 288
  290 290]] 
Fitness: [12335 12308 12339 12308 12342 12318 12307 12331 12314 12317 12317 12318
 12317 12318 12317 12311 12317 12311 12318 12318] 
Iteration: 15 
Particle positions: [[289 287 287 288 282 290 283 290 288 290 290 290 290 290 290 283 290 289
  290 290]] 
Fitness: [12314 12308 12308 12311 12335 12317 12337 12317 12311 12318 12318 12318
 12318 12318 12317 12338 12318 12313 12317 12318] 
Iteration: 16 
Particle positions: [[290 286 288 284 282 286 283 290 286 290 290 290 289 290 289 289 283 286
  286 290]] 
Fitness: [12318 12348 12311 12341 12334 12349 12339 12318 12350 12317 12318 12317
 12315 12318 12314 12315 12339 12349 12348 12317] 
Iteration: 17 
Particle positions: [[284 285 284 281 290 283 290 279 284 290 290 286 285 285 286 285 281 284
  283 286]] 
Fitness: [12342 12346 12342 12331 12317 12338 12318 12324 12342 12318 12318 12349
 12345 12345 12349 12345 12332 12342 12338 12348] 
Iteration: 18 
Particle positions: [[282 285 284 281 284 283 287 283 287 289 290 283 283 283 284 284 284 286
  290 283]] 
Fitness: [12335 12346 12342 12331 12342 12338 12308 12338 12308 12314 12318 12339
 12338 12339 12342 12342 12341 12348 12318 12338] 
Iteration: 19 
Particle positions: [[285 287 288 286 280 288 281 290 286 284 290 285 287 288 286 289 286 287
  286 287]] 
Fitness: [12346 12308 12311 12348 12328 12312 12331 12318 12349 12342 12317 12346
 12308 12311 12349 12314 12349 12308 12349 12308] 
Iteration: 20 
Particle positions: [[287 285 286 290 285 287 283 283 285 284 288 288 288 285 287 286 287 284
  283 287]] 
Fitness: [12308 12346 12349 12318 12345 12308 12338 12338 12346 12342 12311 12311
 12311 12346 12309 12349 12307 12342 12338 12308] 
Iteration: 21 
Particle positions: [[286 285 284 285 289 286 289 284 286 285 288 289 287 284 285 284 284 283
  287 286]] 
Fitness: [12349 12346 12342 12345 12314 12349 12314 12342 12349 12346 12311 12315
 12308 12342 12346 12342 12342 12338 12307 12349] 
Iteration: 22 
Particle positions: [[285 287 290 284 287 285 287 290 287 287 289 278 281 286 286 287 283 290
  286 285]] 
Fitness: [12345 12308 12318 12341 12308 12346 12308 12318 12308 12308 12314 12320
 12331 12348 12348 12308 12338 12318 12349 12346] 
Iteration: 23 
Particle positions: [[287 286 287 289 284 286 280 281 285 285 290 273 290 287 287 287 290 281
  285 286]] 
Fitness: [12308 12348 12308 12314 12342 12349 12328 12331 12345 12346 12317 12301
 12318 12308 12308 12308 12318 12331 12345 12349] 
Iteration: 24 
Particle positions: [[286 285 283 287 285 286 288 285 285 285 290 283 290 286 285 284 286 281
  286 286]] 
Fitness: [12349 12346 12338 12308 12345 12349 12311 12345 12346 12345 12318 12338
 12318 12349 12345 12342 12349 12331 12349 12349] 
Iteration: 25 
Particle positions: [[285 286 287 282 287 286 286 289 288 285 283 290 279 285 285 285 283 289
  287 286]] 
Fitness: [12345 12349 12308 12335 12309 12349 12349 12314 12311 12345 12339 12318
 12324 12346 12346 12345 12339 12314 12308 12349] 
Iteration: 26 
Particle positions: [[287 286 288 285 286 286 284 284 289 285 281 287 290 287 286 288 289 285
  285 286]] 
Fitness: [12308 12349 12311 12346 12349 12348 12342 12343 12314 12345 12332 12307
 12318 12308 12349 12312 12314 12345 12345 12349] 
Iteration: 27 
Particle positions: [[287 286 286 289 285 286 287 283 285 287 287 282 288 286 287 286 288 284
  285 286]] 
Fitness: [12308 12349 12349 12315 12345 12349 12309 12339 12346 12308 12308 12335
 12311 12349 12308 12348 12312 12342 12346 12349] 
Iteration: 28 
Particle positions: [[287 286 284 283 287 286 287 289 285 283 284 286 285 285 285 285 286 288
  287 286]] 
Fitness: [12308 12349 12342 12338 12308 12348 12308 12314 12345 12338 12342 12349
 12345 12346 12346 12345 12349 12311 12308 12349] 
Iteration: 29 
Particle positions: [[283 286 286 282 287 286 284 288 286 290 283 288 284 288 287 286 285 287
  287 286]] 
Fitness: [12339 12350 12349 12335 12308 12349 12342 12311 12348 12318 12338 12311
 12342 12311 12308 12349 12346 12308 12308 12349] 
Iteration: 30 
Particle positions: [[288 286 287 290 285 286 286 281 286 290 284 288 287 285 286 286 286 284
  286 286]] 
Fitness: [12311 12349 12308 12319 12345 12349 12349 12331 12349 12318 12342 12312
 12308 12346 12349 12349 12349 12342 12348 12349] 
Iteration: 31 
Particle positions: [[286 286 287 283 285 286 287 290 286 280 285 286 285 285 285 286 286 289
  285 286]] 
Fitness: [12349 12350 12308 12338 12345 12349 12308 12318 12349 12327 12345 12349
 12345 12345 12345 12349 12349 12315 12345 12349] 
Iteration: 32 
Particle positions: [[285 286 285 288 286 286 286 290 286 286 287 284 284 288 286 286 286 288
  286 286]] 
Fitness: [12346 12349 12346 12311 12349 12349 12348 12318 12349 12349 12307 12342
 12342 12311 12349 12349 12349 12311 12350 12349] 
Iteration: 33 
Particle positions: [[285 286 285 288 287 286 285 283 286 289 283 287 286 285 286 286 286 284
  286 286]] 
Fitness: [12345 12349 12346 12311 12308 12349 12346 12338 12348 12315 12338 12308
 12349 12346 12349 12349 12349 12342 12349 12349] 
Iteration: 34 
Particle positions: [[288 286 286 287 285 286 286 285 286 288 284 286 287 285 286 286 286 288
  286 286]] 
Fitness: [12311 12349 12349 12308 12346 12349 12348 12346 12348 12311 12342 12349
 12308 12345 12349 12349 12349 12311 12349 12350] 
Iteration: 35 
Particle positions: [[284 286 286 283 284 286 286 286 286 286 289 285 285 288 286 286 286 285
  286 286]] 
Fitness: [12342 12349 12349 12339 12342 12349 12349 12349 12348 12349 12315 12345
 12346 12311 12349 12348 12348 12345 12349 12349] 
Iteration: 36 
Particle positions: [[284 286 286 282 290 286 286 286 286 285 282 287 286 286 286 286 286 286
  286 286]] 
Fitness: [12342 12349 12349 12334 12318 12349 12349 12349 12349 12346 12335 12308
 12348 12349 12349 12349 12349 12349 12348 12349] 
Iteration: 37 
Particle positions: [[289 286 286 290 283 286 286 286 286 286 280 285 286 285 286 286 286 286
  286 286]] 
Fitness: [12314 12348 12348 12318 12338 12348 12349 12349 12349 12349 12328 12345
 12349 12345 12349 12349 12349 12348 12349 12349] 
Iteration: 38 
Particle positions: [[281 286 286 285 282 286 286 286 286 286 289 286 286 287 286 286 286 286
  286 286]] 
Fitness: [12331 12349 12349 12346 12335 12349 12349 12349 12348 12350 12314 12349
 12349 12308 12349 12349 12349 12349 12349 12349] 
Iteration: 39 
Particle positions: [[283 286 286 284 289 286 286 286 286 286 288 286 286 287 286 286 286 286
  286 286]] 
Fitness: [12339 12348 12349 12342 12315 12349 12349 12349 12349 12349 12311 12349
 12349 12308 12349 12349 12349 12349 12349 12349] 
Iteration: 40 
Particle positions: [[290 286 286 285 288 286 286 286 286 286 284 286 286 285 286 286 286 286
  286 286]] 
Fitness: [12318 12349 12349 12346 12311 12349 12348 12349 12349 12349 12341 12348
 12349 12346 12349 12350 12349 12350 12349 12348] 
Iteration: 41 
Particle positions: [[290 286 286 287 282 286 286 286 286 286 283 286 286 285 286 286 286 286
  286 286]] 
Fitness: [12318 12349 12349 12307 12335 12350 12348 12349 12349 12348 12339 12349
 12349 12345 12349 12349 12349 12349 12349 12349] 
Iteration: 42 
Particle positions: [[283 286 286 286 288 286 286 286 286 286 284 286 286 286 286 286 286 286
  286 286]] 
Fitness: [12339 12350 12349 12349 12311 12349 12349 12349 12349 12349 12342 12349
 12349 12349 12349 12348 12349 12348 12349 12349] 
Iteration: 43 
Particle positions: [[286 286 286 285 285 286 286 286 286 286 287 286 286 286 286 286 286 286
  286 286]] 
Fitness: [12349 12349 12348 12345 12345 12349 12349 12349 12349 12349 12308 12350
 12349 12350 12349 12349 12349 12349 12349 12349] 
Iteration: 44 
Particle positions: [[287 286 286 287 285 286 286 286 286 286 285 286 286 286 286 286 286 286
  286 286]] 
Fitness: [12308 12349 12349 12308 12346 12349 12349 12348 12348 12349 12345 12350
 12349 12349 12349 12349 12349 12349 12349 12349] 
Iteration: 45 
Particle positions: [[286 286 286 285 287 286 286 286 286 286 286 286 286 286 286 286 286 286
  286 286]] 
Fitness: [12349 12349 12349 12345 12308 12349 12350 12349 12349 12349 12349 12349
 12348 12349 12348 12349 12348 12349 12349 12349] 
Iteration: 46 
Particle positions: [[285 286 286 285 287 286 286 286 286 286 286 286 286 286 286 286 286 286
  286 286]] 
Fitness: [12346 12349 12349 12345 12308 12349 12349 12349 12349 12349 12348 12349
 12348 12349 12349 12348 12349 12348 12349 12349] 
Iteration: 47 
Particle positions: [[288 286 286 286 286 286 286 286 286 286 286 286 286 286 286 286 286 286
  286 286]] 
Fitness: [12311 12349 12350 12349 12349 12349 12349 12350 12349 12349 12348 12349
 12349 12349 12349 12349 12348 12349 12349 12349] 
Iteration: 48 
Particle positions: [[285 286 286 286 285 286 286 286 286 286 286 286 286 286 286 286 286 286
  286 286]] 
Fitness: [12346 12349 12349 12349 12346 12349 12349 12350 12349 12349 12349 12349
 12349 12349 12349 12349 12349 12349 12349 12349] 
Iteration: 49 
Particle positions: [[285 286 286 286 286 286 286 286 286 286 286 286 286 286 286 286 286 286
  286 286]] 
Fitness: [12346 12350 12349 12348 12349 12349 12349 12349 12349 12349 12349 12349
 12349 12349 12349 12349 12349 12349 12349 12348] 
Object: 1 
Iteration: 0 
Particle positions: [[ 208  105  189 -248 -145 -203  125 -246 -209 -288 -132  212  140  140
   -85 -170 -182  210 -148 -233]] 
Fitness: [12177 11890 12129  9647 10509 10026 11968  9668  9970  9332 10599 12189
 12026 12026 10912 10331 10222 12184 10489  9795] 
Iteration: 1 
Particle positions: [[ 209  263  210  175  290  290  226 -189   -7  290  145  213  280  169
   -64 -155  290  213  290  290]] 
Fitness: [12179 12242 12183 12093 12287 12287 12223 10152 11395 12288 12044 12191
 12273 12076 11047 10440 12288 12192 12287 12287] 
Iteration: 2 
Particle positions: [[290 290 282 290 290 290 290 290 290 290 290 266 290 205 290 290 290 224
  290 290]] 
Fitness: [12287 12287 12275 12287 12287 12287 12287 12288 12288 12287 12287 12244
 12287 12169 12287 12287 12287 12220 12287 12288] 
Iteration: 3 
Particle positions: [[290 290 290 290 290 290 290 290 290 290 290 290 290 242 290 290 290 239
  290 290]] 
Fitness: [12287 12288 12287 12288 12287 12288 12287 12288 12287 12288 12287 12287
 12288 12213 12288 12288 12288 12250 12287 12287] 
Iteration: 4 
Particle positions: [[290 290 290 290 290 290 290 290 290 290 290 290 290 290 290 290 290 290
  290 290]] 
Fitness: [12287 12288 12288 12288 12287 12288 12287 12288 12287 12288 12288 12288
 12287 12287 12288 12288 12287 12288 12288 12287] 
Iteration: 5 
Particle positions: [[290 290 290 290 290 290 290 290 290 290 290 290 290 290 290 290 290 290
  290 290]] 
Fitness: [12288 12288 12288 12288 12288 12288 12287 12288 12288 12287 12287 12287
 12287 12287 12287 12288 12287 12288 12287 12287] 
Iteration: 6 
Particle positions: [[290 290 290 290 290 290 290 290 290 290 290 290 290 290 290 290 290 290
  290 290]] 
Fitness: [12288 12287 12287 12288 12288 12287 12287 12287 12288 12288 12287 12287
 12288 12287 12287 12287 12287 12287 12288 12288] 
Iteration: 7 
Particle positions: [[290 290 290 290 290 290 290 290 290 290 290 290 290 290 290 290 290 290
  290 290]] 
Fitness: [12287 12288 12288 12287 12287 12288 12289 12287 12287 12287 12288 12287
 12287 12288 12287 12288 12287 12288 12288 12288] 
Iteration: 8 
Particle positions: [[290 290 290 290 290 290 290 290 290 290 290 290 290 290 290 290 290 290
  290 290]] 
Fitness: [12288 12288 12287 12288 12288 12288 12287 12287 12288 12287 12288 12288
 12288 12288 12288 12287 12288 12287 12288 12288] 
Iteration: 9 
Particle positions: [[290 290 290 290 290 290 290 290 290 290 290 290 290 290 290 290 290 290
  290 290]] 
Fitness: [12288 12288 12287 12288 12287 12287 12288 12288 12287 12288 12287 12287
 12287 12288 12287 12287 12288 12288 12287 12288] 
Iteration: 10 
Particle positions: [[290 290 290 290 290 290 290 290 290 290 290 290 290 290 290 290 290 290
  290 290]] 
Fitness: [12287 12288 12288 12287 12287 12288 12288 12288 12287 12287 12287 12287
 12287 12287 12287 12287 12288 12288 12288 12288] 
Iteration: 11 
Particle positions: [[290 290 290 290 290 290 290 290 290 290 290 290 290 290 290 290 290 290
  290 290]] 
Fitness: [12288 12288 12288 12288 12288 12287 12288 12287 12288 12287 12288 12288
 12287 12287 12288 12288 12287 12287 12287 12287] 
Iteration: 12 
Particle positions: [[290 290 290 290 290 290 290 290 290 290 290 290 290 290 290 290 290 290
  290 290]] 
Fitness: [12288 12288 12287 12287 12287 12288 12288 12287 12287 12288 12287 12288
 12287 12288 12288 12288 12287 12288 12288 12287] 
Iteration: 13 
Particle positions: [[290 290 290 290 290 290 290 290 290 290 290 290 290 290 290 290 290 290
  290 290]] 
Fitness: [12288 12287 12287 12287 12288 12288 12287 12287 12288 12287 12287 12287
 12287 12287 12287 12287 12288 12287 12287 12288] 
Iteration: 14 
Particle positions: [[290 290 290 290 290 290 290 290 290 290 290 290 290 290 290 290 290 290
  290 290]] 
Fitness: [12288 12287 12287 12287 12287 12288 12288 12288 12287 12287 12287 12287
 12287 12288 12287 12287 12287 12288 12288 12287] 
Iteration: 15 
Particle positions: [[290 290 290 290 290 290 290 290 290 290 290 290 290 290 290 290 290 290
  290 290]] 
Fitness: [12287 12287 12287 12287 12287 12287 12288 12287 12287 12288 12288 12287
 12288 12287 12288 12288 12287 12288 12287 12287] 
Iteration: 16 
Particle positions: [[290 290 290 290 290 290 290 290 290 290 290 290 290 290 290 290 290 290
  290 290]] 
Fitness: [12287 12288 12288 12287 12287 12287 12288 12288 12287 12288 12288 12288
 12287 12288 12287 12287 12287 12287 12288 12288] 
Iteration: 17 
Particle positions: [[290 290 290 290 290 290 290 290 290 290 290 290 290 290 290 290 290 290
  290 290]] 
Fitness: [12288 12287 12287 12288 12288 12288 12287 12288 12287 12287 12287 12288
 12288 12288 12288 12288 12287 12288 12288 12288] 
Iteration: 18 
Particle positions: [[290 290 290 290 290 290 290 290 290 290 290 290 290 290 290 290 290 290
  290 290]] 
Fitness: [12287 12288 12287 12288 12288 12287 12288 12286 12288 12288 12287 12288
 12288 12288 12288 12288 12288 12288 12287 12288] 
Iteration: 19 
Particle positions: [[290 290 290 290 290 290 290 290 290 290 290 290 290 290 290 290 290 290
  290 290]] 
Fitness: [12288 12287 12287 12288 12287 12288 12287 12288 12288 12287 12287 12287
 12287 12288 12288 12287 12288 12288 12287 12287] 
Iteration: 20 
Particle positions: [[290 290 290 290 290 290 290 290 290 290 290 290 290 290 290 290 290 290
  290 290]] 
Fitness: [12288 12287 12288 12287 12288 12288 12288 12288 12288 12287 12288 12288
 12287 12287 12288 12288 12288 12287 12288 12287] 
Iteration: 21 
Particle positions: [[290 290 290 290 290 290 290 290 290 290 290 290 290 290 290 290 290 290
  290 290]] 
Fitness: [12288 12288 12288 12288 12288 12288 12287 12288 12288 12287 12288 12288
 12288 12287 12288 12288 12288 12287 12288 12288] 
Iteration: 22 
Particle positions: [[290 290 290 290 290 290 290 290 290 290 290 290 290 290 290 290 290 290
  290 290]] 
Fitness: [12289 12288 12288 12287 12288 12288 12288 12287 12287 12288 12288 12288
 12288 12288 12287 12288 12288 12288 12288 12288] 
Iteration: 23 
Particle positions: [[290 290 290 290 290 290 290 290 290 290 290 290 290 290 290 290 290 290
  290 290]] 
Fitness: [12288 12287 12288 12287 12287 12287 12287 12287 12287 12288 12288 12287
 12288 12287 12287 12287 12287 12287 12287 12287] 
Iteration: 24 
Particle positions: [[290 290 290 290 290 290 290 290 290 290 290 290 290 290 290 290 290 290
  290 290]] 
Fitness: [12288 12288 12287 12288 12287 12287 12288 12288 12288 12288 12287 12287
 12288 12287 12287 12288 12287 12288 12287 12287] 
Iteration: 25 
Particle positions: [[290 290 290 290 290 290 290 290 290 290 290 290 290 290 290 290 290 290
  290 290]] 
Fitness: [12288 12288 12287 12288 12288 12288 12287 12288 12288 12287 12287 12286
 12287 12287 12287 12287 12288 12288 12287 12287] 
Iteration: 26 
Particle positions: [[290 290 290 290 290 290 290 290 290 290 290 290 290 290 290 290 290 290
  290 290]] 
Fitness: [12287 12287 12288 12288 12287 12287 12287 12288 12287 12287 12287 12288
 12288 12288 12288 12288 12287 12287 12287 12287] 
Iteration: 27 
Particle positions: [[290 290 290 290 290 290 290 290 290 290 290 290 290 290 290 290 290 290
  290 290]] 
Fitness: [12287 12287 12287 12287 12287 12288 12288 12287 12287 12287 12287 12288
 12287 12287 12288 12288 12288 12287 12288 12287] 
Iteration: 28 
Particle positions: [[290 290 290 290 290 290 290 290 290 290 290 290 290 290 290 290 290 290
  290 290]] 
Fitness: [12288 12288 12287 12287 12288 12287 12288 12287 12287 12287 12287 12287
 12287 12287 12288 12288 12287 12287 12287 12288] 
Iteration: 29 
Particle positions: [[290 290 290 290 290 290 290 290 290 290 290 290 290 290 290 290 290 290
  290 290]] 
Fitness: [12287 12288 12287 12287 12288 12287 12287 12288 12287 12288 12288 12288
 12287 12288 12288 12287 12288 12288 12288 12288] 
Iteration: 30 
Particle positions: [[290 290 290 290 290 290 290 290 290 290 290 290 290 290 290 290 290 290
  290 290]] 
Fitness: [12287 12287 12287 12287 12287 12289 12287 12288 12287 12288 12288 12288
 12288 12288 12288 12287 12288 12287 12287 12287] 
Iteration: 31 
Particle positions: [[290 290 290 290 290 290 290 290 290 290 290 290 290 290 290 290 290 290
  290 290]] 
Fitness: [12287 12287 12287 12287 12288 12288 12287 12287 12287 12288 12287 12287
 12288 12288 12289 12287 12288 12288 12288 12288] 
Iteration: 32 
Particle positions: [[290 290 290 290 290 290 290 290 290 290 290 290 290 290 290 290 290 290
  290 290]] 
Fitness: [12287 12287 12287 12288 12288 12288 12288 12287 12288 12287 12288 12288
 12287 12288 12288 12287 12287 12287 12287 12288] 
Iteration: 33 
Particle positions: [[290 290 290 290 290 290 290 290 290 290 290 290 290 290 290 290 290 290
  290 290]] 
Fitness: [12288 12287 12287 12288 12288 12288 12287 12288 12288 12288 12288 12288
 12288 12288 12287 12287 12288 12288 12288 12288] 
Iteration: 34 
Particle positions: [[290 290 290 290 290 290 290 290 290 290 290 290 290 290 290 290 290 290
  290 290]] 
Fitness: [12288 12288 12287 12287 12288 12288 12288 12289 12288 12288 12287 12288
 12287 12287 12287 12287 12288 12288 12287 12287] 
Iteration: 35 
Particle positions: [[290 290 290 290 290 290 290 290 290 290 290 290 290 290 290 290 290 290
  290 290]] 
Fitness: [12288 12288 12287 12287 12287 12287 12288 12287 12288 12288 12287 12287
 12287 12288 12287 12288 12288 12287 12288 12286] 
Iteration: 36 
Particle positions: [[290 290 290 290 290 290 290 290 290 290 290 290 290 290 290 290 290 290
  290 290]] 
Fitness: [12288 12288 12287 12287 12287 12287 12288 12288 12288 12287 12287 12288
 12288 12288 12288 12287 12287 12287 12288 12287] 
Iteration: 37 
Particle positions: [[290 290 290 290 290 290 290 290 290 290 290 290 290 290 290 290 290 290
  290 290]] 
Fitness: [12287 12288 12287 12287 12287 12288 12288 12287 12288 12287 12287 12288
 12287 12288 12287 12287 12288 12288 12288 12288] 
Iteration: 38 
Particle positions: [[290 290 290 290 290 290 290 290 290 290 290 290 290 290 290 290 290 290
  290 290]] 
Fitness: [12288 12288 12288 12287 12287 12288 12288 12287 12288 12287 12287 12288
 12287 12288 12288 12288 12288 12288 12287 12288] 
Iteration: 39 
Particle positions: [[290 290 290 290 290 290 290 290 290 290 290 290 290 290 290 290 290 290
  290 290]] 
Fitness: [12288 12288 12288 12287 12287 12288 12287 12287 12288 12287 12287 12287
 12287 12287 12287 12287 12287 12287 12287 12287] 
Iteration: 40 
Particle positions: [[290 290 290 290 290 290 290 290 290 290 290 290 290 290 290 290 290 290
  290 290]] 
Fitness: [12287 12287 12288 12286 12287 12287 12287 12287 12287 12287 12288 12287
 12287 12287 12287 12287 12288 12287 12287 12287] 
Iteration: 41 
Particle positions: [[290 290 290 290 290 290 290 290 290 290 290 290 290 290 290 290 290 290
  290 290]] 
Fitness: [12287 12287 12288 12288 12287 12288 12287 12287 12287 12287 12288 12288
 12287 12287 12288 12288 12288 12288 12288 12288] 
Iteration: 42 
Particle positions: [[290 290 290 290 290 290 290 290 290 290 290 290 290 290 290 290 290 290
  290 290]] 
Fitness: [12287 12288 12288 12288 12288 12288 12287 12288 12288 12287 12288 12288
 12288 12287 12287 12287 12288 12287 12288 12288] 
Iteration: 43 
Particle positions: [[290 290 290 290 290 290 290 290 290 290 290 290 290 290 290 290 290 290
  290 290]] 
Fitness: [12288 12288 12287 12287 12288 12287 12288 12288 12287 12288 12287 12287
 12288 12288 12288 12287 12287 12287 12287 12288] 
Iteration: 44 
Particle positions: [[290 290 290 290 290 290 290 290 290 290 290 290 290 290 290 290 290 290
  290 290]] 
Fitness: [12287 12287 12288 12288 12287 12286 12287 12288 12288 12288 12288 12287
 12287 12288 12288 12287 12288 12287 12287 12288] 
Iteration: 45 
Particle positions: [[290 290 290 290 290 290 290 290 290 290 290 290 290 290 290 290 290 290
  290 290]] 
Fitness: [12288 12287 12288 12288 12287 12287 12287 12288 12287 12288 12287 12287
 12288 12288 12287 12288 12287 12287 12288 12288] 
Iteration: 46 
Particle positions: [[290 290 290 290 290 290 290 290 290 290 290 290 290 290 290 290 290 290
  290 290]] 
Fitness: [12288 12288 12288 12287 12288 12288 12288 12287 12288 12287 12287 12287
 12288 12287 12288 12288 12288 12288 12288 12287] 
Iteration: 47 
Particle positions: [[290 290 290 290 290 290 290 290 290 290 290 290 290 290 290 290 290 290
  290 290]] 
Fitness: [12287 12288 12287 12287 12288 12288 12287 12287 12287 12288 12287 12288
 12287 12287 12287 12288 12287 12288 12287 12287] 
Iteration: 48 
Particle positions: [[290 290 290 290 290 290 290 290 290 290 290 290 290 290 290 290 290 290
  290 290]] 
Fitness: [12287 12287 12287 12288 12288 12287 12287 12288 12288 12287 12287 12287
 12287 12288 12288 12288 12288 12287 12287 12287] 
Iteration: 49 
Particle positions: [[290 290 290 290 290 290 290 290 290 290 290 290 290 290 290 290 290 290
  290 290]] 
Fitness: [12288 12288 12287 12288 12287 12287 12288 12287 12287 12288 12288 12287
 12287 12287 12288 12287 12287 12288 12287 12288] 
place side object: 2 
Object: 1 
Iteration: 0 
Particle positions: [[   0 -249  176  132 -261  -92   33   30 -254 -285  165  182   55 -237
   -62  -50 -272  258   95  -65]] 
Fitness: [10527  8960 11573 11337  8931  9994 10814 10796  8918  8713 11512 11605
 10946  9057 10177 10248  8829 12383 11129 10158] 
Iteration: 1 
Particle positions: [[ 290  290  180  290  290  290  290  274  290 -146  285  290  152  -81
   290   89 -149  258  290  290]] 
Fitness: [12009 12009 11594 12010 12009 12010 12008 11990 12010  9627 12036 12008
 11442 10061 12009 11148  9670 11916 12009 12009] 
Iteration: 2 
Particle positions: [[290 290 204 290 290 290 290 290 290 290 290 290 290 261 290 220  33 258
  290 290]] 
Fitness: [12008 12009 11718 12009 12009 12009 12009 12009 12009 12009 12009 12009
 12009 11930 12009 11747 10813 12382 12009 12009] 
Iteration: 3 
Particle positions: [[290 290 290 290 290 290 290 290 290 290 290 290 290 290 290 290 290 258
  290 290]] 
Fitness: [12009 12009 12009 12009 12009 12008 12009 12010 12009 12009 12010 12009
 12009 12009 12009 12009 12009 12380 12010 12008] 
Iteration: 4 
Particle positions: [[290 290 290 290 290 290 290 290 290 290 288 290 290 290 290 290 290 258
  290 290]] 
Fitness: [12009 12009 12009 12009 12009 12009 12009 12009 12009 12010 12048 12008
 12008 12009 12009 12009 12009 11916 12010 12009] 
Iteration: 5 
Particle positions: [[290 290 290 290 290 290 290 290 290 290 273 290 290 290 290 290 290 258
  290 290]] 
Fitness: [12010 12009 12009 12009 12009 12009 12009 12009 12009 12009 11985 12009
 12009 12009 12010 12009 12010 12380 12009 12010] 
Iteration: 6 
Particle positions: [[290 290 290 260 290 290 290 265 290 290 282 290 290 290 290 244 290 258
  290 290]] 
Fitness: [12009 12009 12009 11925 12009 12009 12009 11948 12009 12009 12024 12009
 12010 12009 12009 11851 12009 12380 12009 12009] 
Iteration: 7 
Particle positions: [[290 290 290 235 290 290 290 275 290 290 259 236 290 290 290 278 290 258
  290 290]] 
Fitness: [12009 12009 12009 11814 12009 12009 12009 11993 12010 12009 11920 11818
 12009 12010 12010 12006 12009 11916 12010 12009] 
Iteration: 8 
Particle positions: [[290 290 256 243 290 290 284 271 290 290 267 247 279 290 290 290 290 259
  259 290]] 
Fitness: [12009 12009 12675 11847 12008 12009 12031 11976 12009 12009 11958 11863
 12011 12009 12010 12009 12009 11921 11921 12010] 
Iteration: 9 
Particle positions: [[251 290 228 290 290 290 229 258 290 290 290 290 244 290 290 290 290 255
  283 272]] 
Fitness: [11883 12009 11783 12009 12009 12009 11788 12378 12009 12009 12009 12010
 11852 12009 12009 12009 12009 11902 12027 11980] 
Iteration: 10 
Particle positions: [[233 290 263 290 270 271 261 245 290 275 278 290 263 253 288 266 290 257
  279 275]] 
Fitness: [11805 12009 11940 12009 11972 11976 11931 11855 12009 11993 12006 12009
 11940 11893 12048 11954 12009 11927 12011 11993] 
Iteration: 11 
Particle positions: [[237 250 287 290 263 232 278 256 231 230 254 251 275 270 244 244 290 260
  246 280]] 
Fitness: [11822 11878 12044 12010 11939 11801 12006 12671 11797 11792 11897 11883
 11994 11972 11852 11851 12009 11926 11859 12015] 
Iteration: 12 
Particle positions: [[290 283 237 281 290 262 287 264 290 260 275 256 278 290 282 290 261 256
  262 260]] 
Fitness: [12009 12028 11823 12019 12009 11936 12043 11945 12009 11925 11993 12670
 12007 12009 12023 12009 11931 12671 11935 11926] 
Iteration: 13 
Particle positions: [[290 258 220 263 256 290 253 261 288 290 290 260 245 250 290 290 249 253
  287 269]] 
Fitness: [12010 12382 11747 11940 11907 12009 11892 11930 12047 12009 12009 11925
 11855 11877 12009 12009 11872 11892 12044 11967] 
Iteration: 14 
Particle positions: [[272 238 255 251 260 280 277 249 232 261 269 255 284 290 259 250 286 252
  253 287]] 
Fitness: [11981 11826 11903 11882 11926 12016 12003 11872 11801 11930 11968 11902
 12031 12009 11920 11878 12040 11887 11892 12044] 
Iteration: 15 
Particle positions: [[284 275 282 266 264 239 275 260 270 247 250 254 259 264 255 224 290 256
  245 269]] 
Fitness: [12032 11994 12024 11954 11945 11830 11993 11926 11972 11864 11877 11896
 11921 11944 11902 11765 12009 11907 11855 11967] 
Iteration: 16 
Particle positions: [[253 284 249 287 258 290 271 256 290 279 286 258 253 284 290 276 234 259
  290 247]] 
Fitness: [11892 12032 11872 12044 12383 12009 11977 11907 12009 12011 12039 11917
 11892 12032 12009 11998 11810 11921 12008 11864] 
Iteration: 17 
Particle positions: [[263 204 239 263 252 273 273 253 272 284 290 259 267 254 281 288 216 254
  290 290]] 
Fitness: [11940 11719 11831 11940 11887 11985 11985 11892 11980 12032 12009 11920
 11958 11897 12019 12047 11728 11896 12009 12009] 
Iteration: 18 
Particle positions: [[275 176 290 250 253 248 272 260 260 250 290 256 276 253 249 287 290 255
  253 290]] 
Fitness: [11995 11573 12009 11877 11892 11867 11981 11926 11925 11877 12010 11906
 11999 11892 11872 12043 12009 11901 11892 12009] 
Iteration: 19 
Particle positions: [[284 290 264 290 262 290 264 262 264 288 275 254 287 254 276 253 290 258
  290 275]] 
Fitness: [12032 12009 11945 12009 11936 12009 11945 11935 11944 12048 11993 11897
 12044 11896 11998 11892 12009 12383 12009 11994] 
Iteration: 20 
Particle positions: [[241 286 218 279 259 283 263 253 290 276 250 255 290 285 261 234 254 258
  251 265]] 
Fitness: [11839 12040 11738 12011 11920 12028 11940 11891 12010 11998 11877 11901
 12009 12035 11930 11809 11897 11917 11882 11949] 
Iteration: 21 
Particle positions: [[236 202 278 273 256 224 257 256 270 260 290 257 274 261 255 282 232 251
  273 274]] 
Fitness: [11818 11709 12007 11985 12659 11765 11922 12659 11972 11926 12009 11922
 11990 11931 11902 12024 11801 11882 11985 11990] 
Iteration: 22 
Particle positions: [[254 264 272 249 254 249 290 258 249 290 290 257 243 281 267 279 264 262
  280 266]] 
Fitness: [11897 11944 11981 11872 11897 11872 12009 12383 11872 12009 12009 11911
 11847 12019 11958 12010 11945 11935 12015 11955] 
Iteration: 23 
Particle positions: [[290 290 215 254 259 290 268 253 290 290 283 254 290 274 276 263 290 258
  290 275]] 
Fitness: [12010 12009 11723 11897 11921 12010 11963 11892 12008 12009 12028 11897
 12009 11990 11998 11939 12009 12385 12010 11994] 
Iteration: 24 
Particle positions: [[288 204 271 290 256 280 258 252 290 290 240 256 290 257 263 284 280 250
  290 290]] 
Fitness: [12048 11719 11976 12009 12653 12015 12384 11888 12009 12009 11835 12652
 12010 11919 11940 12032 12015 11877 12009 12009] 
Iteration: 25 
Particle positions: [[261 241 278 277 254 266 251 253 290 286 290 257 241 286 245 283 245 253
  223 277]] 
Fitness: [11931 11838 12007 12003 11897 11954 11882 11892 12009 12040 12009 11919
 11839 12040     0 12028     0 11893 11761 12003] 
Iteration: 26 
Particle positions: [[268 290 244 264 256 248 249 262 281 251 284 257 264 254 290 252 290 258
  290 273]] 
Fitness: [11963 12009 11851 11944 11906 11868 11872 11935 12020 11882 12032 11917
 11944 11897 12008 11887 12009 12387 12009 11985] 
Iteration: 27 
Particle positions: [[266 259 247 273 257 289 267 258 253 243 232 254 278 239 290 279 290 254
  280 270]] 
Fitness: [11954 11921 11863 11985 11917 12005 11959 12387 11891 11847 11802 11897
 12006 11831 12010 12011 12009 11897 12015 11971] 
Iteration: 28 
Particle positions: [[262 233 278 268 256 246 253 253 248 258 258 255 283 270 288 290 280 256
  248 290]] 
Fitness: [11935 11805 12007 11964 12645     0 11892 11892 11868 12389 11916 11902
 12027 11972 12048 12009 12016 11907 11867 12009] 
Iteration: 29 
Particle positions: [[290 267 251 258 255 239 252 256 290 264 290 257 238 284 284 249 236 257
  283 241]] 
Fitness: [12010 11959 11882 11916 11902 11831 11887 11906 12010 11944 12009 11917
 11826 12031 12032 11873 11818 11917 12028 11839] 
Iteration: 30 
Particle positions: [[259 271 249 260 257 290 258 258 290 241 247 257 290 248 266 246 290 256
  271 266]] 
Fitness: [11921 11976 11872 11926 11917 12009 12390 12390 12009 11839 11863 11917
 12010 11868 11954     0 12009 11906 11977 11953] 
Iteration: 31 
Particle positions: [[273 240 264 268 255 290 259 255 262 269 290 255 290 234 260 290 290 255
  255 282]] 
Fitness: [11985 11835 11944 11963 11902 12009 11921 11902 11936 11967 12009 11902
 12010 11811 11925 12009 12009 11901 11901 12023] 
Iteration: 32 
Particle positions: [[266 233 262 279 256 285 258 255 254 270 290 256 256 290 256 290 284 256
  290 290]] 
Fitness: [11954 11805 11935 12011 12639 12035 12394 11902 11897 11972 12009 12638
 12639 12009 12639 12009 12032 12639 12009 12009] 
Iteration: 33 
Particle positions: [[263 290 238 266 256 256 256 258 289 251 244 256 236 290 254 290 281 257
  286 243]] 
Fitness: [11940 12009 11826 11954 11906 12637 12638 12393 12005 11882 11851 12638
 11818 12009 11896 12009 12019 11915 12040 11848] 
Iteration: 34 
Particle positions: [[285 237 266 272 256 239 254 253 290 251 257 256 284 290 258 266 251 255
  280 290]] 
Fitness: [12036 11822 11954 11981 12636 11830 11897 11892 12010 11883 11912 11907
 12031 12009 12393 11954 11882 11901 12015 12009] 
Iteration: 35 
Particle positions: [[259 273 265 253 256 270 256 253 269 261 264 256 258 290 255 272 251 256
  243 262]] 
Fitness: [11921 11985 11949 11892 11907 11972 11907 11893 11968 11930 11944 11906
 12393 12009 11902 11981 11882 12635 11847 11935] 
Iteration: 36 
Particle positions: [[290 268 246 290 256 246 257 257 264 258 268 256 241 267 256 273 261 256
  240 256]] 
Fitness: [12010 11963     0 12009 12634     0 11914 11914 11945 11916 11963 11906
 11839 11958 11906 11985 11931 11907 11834 11907] 
Iteration: 37 
Particle positions: [[270 249 247 269 256 241 256 257 278 253 265 256 261 238 256 264 273 256
  290 266]] 
Fitness: [11971 11872     0 11967 11906 11840 11907 11911 12007 11892 11949 11907
 11930 11826 11906 11945 11985 11907 12009 11954] 
Iteration: 38 
Particle positions: [[262 255 265 266 256 260 255 254 283 255 284 256 255 290 256 290 263 256
  290 290]] 
Fitness: [11936 11902 11949 11953 12630 11925 11901 11897 12027 11901 12032 11907
 11902 12009 11906 12009 11940 11907 12009 12010] 
Iteration: 39 
Particle positions: [[277 260 254 290 256 256 257 258 255 260 250 256 254 289 256 272 274 256
  227 234]] 
Fitness: [12003 11926 11897 12009 11907 12628 11913 12398 11902 11925 11877 12629
 11897 12005 12629 11981 11989 12629 11779 11809] 
Iteration: 40 
Particle positions: [[290 256 250 251 256 254 256 259 287 254 290 256 257 261 256 280 269 256
  253 290]] 
Fitness: [12010 12628 11877 11883 12629 11897 12628 11921 12044 11897 12009 11907
 11912 11931 11907 12015 11967 12629 11892 12010] 
Iteration: 41 
Particle positions: [[246 254 268 242 256 259 255 250 268 251 290 256 258 279 256 273 271 256
  290 290]] 
Fitness: [    0 11897 11963 11844 12628 11921 11902 11877 11964 11882 12009 11907
 12398 12011 12628 11984 11976 12629 12009 12009] 
Iteration: 42 
Particle positions: [[263 256 246 290 256 250 256 252 249 262 285 256 254 261 256 257 276 256
  290 266]] 
Fitness: [11940 11907     0 12009 12627 11877 12628 11887 11872 11936 12036 11906
 11898 11930 11907 11912 11998 11907 12010 11954] 
Iteration: 43 
Particle positions: [[263 257 265 278 256 249 256 266 290 259 271 256 253 290 256 280 275 256
  269 262]] 
Fitness: [11940 11912 11949 12007 12623 11872 11907 11954 12009 11921 11976 12623
 11891 12010 11906 12015 11994 12623 11968 11935] 
Iteration: 44 
Particle positions: [[265 256 261 262 256 264 256 257 273 256 279 256 260 247 256 258 265 256
  265 282]] 
Fitness: [11949 12620 11931 11935 12619 11945 12618 11911 11985 12618 12011 12619
 11926 11863 12618 12405 11949 12618 11948 12024] 
Iteration: 45 
Particle positions: [[290 255 244 283 256 258 256 251 262 254 255 256 254 290 256 245 264 256
  290 290]] 
Fitness: [12009 11902 11851 12027 12619 12404 12617 11882 11935 11897 11902 12616
 11897 12009 12616     0 11945 12616 12009 12010] 
Iteration: 46 
Particle positions: [[285 257 256 246 256 253 256 253 261 254 254 256 253 275 256 273 262 256
  270 258]] 
Fitness: [12036 11910 11907     0 12615 11892 11906 11892 11930 11897 11898 11906
 11892 11994 11907 11985 11935 11906 11973 11916] 
Iteration: 47 
Particle positions: [[246 256 261 290 256 260 256 260 254 258 290 256 260 278 256 264 280 256
  238 272]] 
Fitness: [11860 11906 11930 12009 12613 11926 12613 11925 11897 11916 12009 12613
 11926 12007 12613 11945 12015 11906 11826 11980] 
Iteration: 48 
Particle positions: [[250 255 253 275 256 252 256 257 290 257 290 256 253 266 256 252 272 256
  264 269]] 
Fitness: [11878 11902 11892 11993 11907 11888 11907 11909 12009 11909 12009 12612
 11891 11954 11906 11887 11981 12613 11944 11967] 
Iteration: 49 
Particle positions: [[267 255 252 234 256 255 256 253 281 255 288 256 256 264 256 253 261 256
  268 278]] 
Fitness: [11958 11902 11887 11810 12612 11902 11907 11892 12019 11901 12048 12612
 12611 11945 12611 11892 11931 11907 11963 12007] 
