iteration: 0 
 particles: [[-355 -438  201 -460  -53  -99 -264  -25 -182 -401 -597   40   72  234
   164 -552  104   99 -184  245]]
fitness: [13015 12852  6757 12736 10689 11300 12716 10287 12129 12980 10853  9306
  8788  6271  7319 11796  8263  8344 12143  6116] 

iteration: 1 
 particles: [[-355 -383  138 -377  -95 -261 -327 -630 -212 -371 -156 -462 -599 -540
  -335 -386 -506 -630 -445  152]]
fitness: [13015 13009  7720 13015 11248 12701 12938  9783 12358 13019 11910 12723
 10800 11979 12954 13006 12396  9783 12819  7504] 

iteration: 2 
 particles: [[-387 -322 -630 -292 -289 -597 -460 -629 -467 -344  195 -630 -630 -630
  -630 -230 -630 -630 -572 -630]]
fitness: [13004 12925  9783 12833 12823 10854 12736  9774 12690 12970  6846  9783
  9783  9782  9782 12483  9782  9783 11437  9782] 

iteration: 3 
 particles: [[-369 -401 -630 -305 -581 -592 -388  290 -536 -373 -630 -458 -630 -630
  -371 -454 -583 -630 -405 -630]]
fitness: [13018 12979  9784 12874 11250 10990 13004  5540 12036 13017  9783 12747
  9782  9784 13017 12771 11205  9782 12971  9783] 

iteration: 4 
 particles: [[-354 -437 -630 -471 -322  -17 -319  290 -530 -394 -630 -187 -186 -516
  -145 -493 -387 -477 -229 -630]]
fitness: [13015 12855  9783 12662 12926 10171 12917  5540 12116 12993  9783 12167
 12160 12289 11810 12484 13005 12618 12477  9782] 

iteration: 5 
 particles: [[-342 -351 -601 -296 -120 -630 -397 -347 -386 -355  290 -315   71 -229
  -387 -219 -187 -272 -486 -565]]
fitness: [12967 12978 10743 12847 11513  9783 12988 12973 13006 13014  5541 12907
  8805 12477 13004 12409 12166 12753 12547 11570] 

iteration: 6 
 particles: [[-381 -351 -430 -379 -630 -630 -444 -630 -263 -373  290 -431 -462  -14
  -548 -111 -599 -151 -630 -451]]
fitness: [13012 12978 12886 13014  9782  9783 12823  9783 12711 13017  5540 12881
 12724 10128 11859 11400 10800 11865  9783 12787] 

iteration: 7 
 particles: [[-391 -423 -277 -440 -630   60 -306 -630 -395 -383 -630 -242 -630 -259
  -446 -630 -224 -492 -107 -255]]
fitness: [13000 12914 12777 12842  9782  8985 12877  9783 12992 13010  9783 12597
  9783 12690 12814  9784 12443 12494 11350 12670] 

iteration: 8 
 particles: [[-351 -411 -518 -434 -257 -511 -304 -474 -464 -358 -630 -411 -450 -630
   -73 -630 -332 -348 -231 -387]]
fitness: [12978 12953 12265 12867 12680 12345 12871 12641 12711 13017  9783 12953
 12794  9783 10961  9783 12949 12974 12490 13005] 

iteration: 9 
 particles: [[-380 -278 -630 -310 -222 -346 -549   48 -462 -346 -540 -508 -223  -87
  -448 -194 -527 -252 -562 -472]]
fitness: [13013 12779  9782 12891 12430 12973 11843  9179 12724 12972 11979 12376
 12436 11145 12803 12219 12155 12654 11625 12655] 

iteration: 10 
 particles: [[-388 -326 -304 -384 -529 -223 -394 -630 -255 -361 -220 -410  -79 -152
  -630 -305 -431 -485 -428 -370]]
fitness: [13004 12936 12870 13008 12128 12437 12993  9783 12670 13018 12416 12956
 11040 11874  9782 12874 12880 12555 12893 13019] 

iteration: 11 
 particles: [[-344 -474 -384 -442 -547 -389 -249 -630 -343 -384 -223 -324 -597 -507
  -136 -579 -322 -508 -253 -291]]
fitness: [12969 12641 13008 12833 11875 13002 12638  9783 12969 13008 12436 12931
 10854 12388 11724 11293 12925 12376 12659 12829] 

iteration: 12 
 particles: [[-372 -327 -434 -345 -109 -505 -502  -78 -495 -371 -520 -465 -573 -518
  -522 -385 -340 -319 -283 -464]]
fitness: [13016 12938 12868 12971 11376 12408 12437 11028 12467 13019 12242 12703
 11418 12265 12218 13006 12963 12917 12799 12710] 

iteration: 13 
 particles: [[-388 -334 -431 -348 -258 -253 -474 -127 -205 -361   53 -328 -455 -200
  -630 -217 -452 -215 -335 -427]]
fitness: [13004 12953 12881 12975 12686 12660 12641 11586 12306 13017  9098 12941
 12764 12267  9783 12395 12782 12380 12955 12898] 

iteration: 14 
 particles: [[-363 -417 -345 -436 -594 -277 -281 -630 -390 -358 -534 -303 -302 -109
     3 -490 -414 -317 -519 -298]]
fitness: [13018 12935 12970 12859 10938 12776 12792  9783 13001 13017 12064 12867
 12865 11375  9877 12512 12944 12913 12254 12854] 

iteration: 15 
 particles: [[-358 -437 -333 -398 -577 -626 -279 -630 -509 -381 -540 -394 -230 -303
   -93 -574 -268 -527 -196 -278]]
fitness: [13017 12853 12951 12987 11336  9921 12783  9783 12366 13011 11980 12994
 12484 12868 11224 11396 12734 12155 12236 12780] 

iteration: 16 
 particles: [[-372 -358 -381 -331 -406 -630 -539 -170 -189 -394 -303 -420 -448 -578
  -630 -297 -446 -524 -258 -509]]
fitness: [13018 13017 13011 12947 12968  9782 11994 12030 12181 12995 12867 12923
 12803 11314  9782 12850 12813 12193 12686 12365] 

iteration: 17 
 particles: [[-379 -316 -400 -399 -240  -68 -409 -469 -536 -319 -222 -358 -277 -316
  -547 -148 -400   65 -445 -282]]
fitness: [13014 12910 12981 12984 12585 10893 12959 12676 12036 12917 12429 13016
 12776 12909 11875 11837 12981  8903 12818 12795] 

iteration: 18 
 particles: [[-372 -473 -356 -382 -303 -490 -259 -412 -348 -341 -223 -315 -304 -146
    -2 -334 -320 -132 -435 -337]]
fitness: [13018 12648 13016 13010 12868 12511 12692 12950 12974 12965 12436 12907
 12871 11819  9952 12954 12921 11686 12863 12958] 

iteration: 19 
 particles: [[-362 -472 -328 -345 -552 -630 -336 -282 -215 -449 -576 -394 -426 -183
  -178 -539 -431 -593 -372 -485]]
fitness: [13019 12655 12940 12971 11796  9784 12956 12795 12380 12798 11357 12994
 12901 12135 12095 11994 12883 10966 13017 12554] 

iteration: 20 
 particles: [[-372 -248 -334 -403 -383  177 -484 -341 -531 -305 -630 -400 -480 -385
  -630 -347 -362 -479 -327 -459]]
fitness: [13018 12631 12953 12975 13010  7117 12565 12965 12104 12875  9783 12982
 12595 13008  9783 12972 13019 12603 12938 12741] 

iteration: 21 
 particles: [[-369 -213 -367 -393 -243 -185 -420 -437 -443 -413  -53 -324 -341 -500
  -566 -252 -326 -259 -389 -270]]
fitness: [13019 12365 13019 12996 12603 12152 12924 12854 12827 12947 10688 12931
 12965 12417 11553 12654 12937 12691 13002 12744] 

iteration: 22 
 particles: [[-363 -552 -394 -342 -396 -630 -260 -227 -288 -374  -67 -319 -266 -502
   -80 -404 -357 -382 -384 -394]]
fitness: [13019 11796 12995 12965 12990  9783 12696 12463 12819 13017 10880 12918
 12727 12437 11054 12973 13016 13011 13009 12994] 

iteration: 23 
 particles: [[-368 -321 -343 -371 -444 -529 -287 -179 -328 -339 -504 -345 -477 -133
  -261 -449 -390 -452 -353 -397]]
fitness: [13019 12923 12968 13018 12823 12129 12816 12104 12940 12962 12417 12971
 12619 11695 12702 12798 13000 12782 12979 12988] 

iteration: 24 
 particles: [[-373 -235 -356 -391 -365 -360 -535 -302 -489 -398 -347 -414 -190 -524
  -630 -357 -373 -277 -359 -355]]
fitness: [13017 12554 13016 12998 13018 13018 12049 12865 12520 12985 12973 12943
 12189 12192  9783 13017 13018 12776 13017 13014] 

iteration: 25 
 particles: [[-370 -616 -401 -359 -318 -254 -538 -579 -252 -359 -259 -359 -460 -484
  -594 -299 -342 -373 -390 -363]]
fitness: [13018 10291 12979 13017 12914 12664 12008 11294 12654 13017 12691 13017
 12736 12564 10938 12857 12967 13017 13000 13018] 

iteration: 26 
 particles: [[-364 -237 -413 -341 -356 -289 -246 -482 -407 -369 -229 -338 -475 -317
   -64 -312 -367 -432 -376 -386]]
fitness: [13019 12567 12948 12965 13016 12820 12620 12579 12964 13019 12477 12961
 12633 12912 10840 12897 13020 12877 13016 13006] 

iteration: 27 
 particles: [[-357  -49 -278 -403 -396 -388 -165 -408 -430 -377 -476 -388 -205 -298
  -630 -410 -383 -382 -353 -359]]
fitness: [13016 10632 12779 12974 12990 13003 11990 12962 12885 13014 12627 13003
 12306 12854  9782 12956 13010 13011 12979 13017] 

iteration: 28 
 particles: [[-361 -178 -518 -319 -355 -396 -466 -203 -292 -359 -593 -379 -306 -453
  -358 -337 -379 -322 -394 -362]]
fitness: [13018 12096 12265 12918 13015 12989 12697 12291 12833 13017 10966 13014
 12877 12776 13016 12958 13014 12926 12993 13018] 

iteration: 29 
 particles: [[-370 -630 -462 -432 -347 -381 -579 -526 -442 -369  -43 -327 -502 -327
  -197 -362 -352 -359 -359 -388]]
fitness: [13017  9783 12723 12877 12973 13011 11294 12168 12832 13020 10547 12939
 12437 12938 12244 13018 12978 13017 13018 13003] 

iteration: 30 
 particles: [[-372 -158 -352 -333 -377 -333 -236 -233 -358 -372 -630 -381 -314 -339
  -395 -378 -355 -396 -338 -375]]
fitness: [13017 11927 12979 12952 13015 12951 12560 12503 13017 13017  9784 13011
 12903 12962 12992 13014 13015 12989 12960 13017] 

iteration: 31 
 particles: [[-361 -568 -312 -388 -377 -372 -375 -285 -310 -367 -317 -402 -305 -385
  -456 -365 -389 -342 -414 -348]]
fitness: [13019 11516 12897 13003 13015 13017 13016 12807 12890 13018 12913 12977
 12874 13007 12759 13018 13002 12966 12944 12974] 

iteration: 32 
 particles: [[-356 -196 -371 -371 -351 -374 -444 -380 -367 -367 -252 -357 -404 -411
  -222 -357 -375 -374 -438 -367]]
fitness: [13015 12235 13018 13017 12977 13017 12824 13013 13019 13018 12653 13016
 12972 12954 12429 13016 13016 13017 12851 13019] 

iteration: 33 
 particles: [[-386 -327 -397 -355 -351 -355 -264 -422 -400 -367 -558 -334 -408 -402
  -472 -366 -345 -383 -390 -380]]
fitness: [13007 12938 12988 13015 12977 13016 12716 12916 12982 13018 11696 12954
 12962 12977 12655 13019 12970 13010 13001 13013] 

iteration: 34 
 particles: [[-363 -515 -377 -389 -378 -371 -406 -346 -365 -370 -451 -360 -361 -364
  -399 -371 -386 -372 -344 -374]]
fitness: [13018 12300 13014 13002 13014 13018 12967 12972 13018 13018 12788 13016
 13018 13017 12984 13019 13006 13017 12970 13016] 

iteration: 35 
 particles: [[-353 -169 -327 -372 -359 -350 -453 -399 -348 -369  -85 -384 -337 -346
  -341 -365 -372 -358 -330 -359]]
fitness: [12979 12022 12938 13017 13018 12976 12777 12985 12976 13019 11121 13009
 12959 12972 12966 13018 13017 13016 12945 13016] 

iteration: 36 
 particles: [[-371 -246 -426 -355 -351 -355 -294 -401 -388 -366 -134 -338 -401 -366
  -347 -363 -353 -353 -369 -364]]
fitness: [13018 12620 12902 13015 12977 13015 12841 12979 13002 13019 11704 12960
 12979 13019 12973 13018 12979 12978 13019 13017] 

iteration: 37 
 particles: [[-369 -513 -416 -385 -388 -383 -457 -378 -388 -367 -630 -330 -326 -377
  -425 -368 -361 -380 -386 -372]]
fitness: [13018 12322 12938 13007 13003 13010 12753 13015 13003 13019  9783 12944
 12936 13014 12905 13018 13018 13012 13007 13017] 

iteration: 38 
 particles: [[-360 -317 -323 -391 -393 -367 -488 -344 -381 -369 -242 -362 -350 -365
  -274 -367 -371 -377 -374 -370]]
fitness: [13017 12911 12928 12999 12995 13018 12530 12969 13012 13019 12597 13018
 12977 13018 12762 13019 13017 13016 13016 13018] 

iteration: 39 
 particles: [[-361 -332 -309 -333 -326 -347 -276 -361 -369 -367 -265 -380 -394 -359
  -397 -365 -375 -349 -357 -368]]
fitness: [13017 12948 12888 12951 12936 12974 12772 13017 13018 13019 12721 13013
 12994 13018 12988 13019 13017 12975 13016 13018] 

iteration: 40 
 particles: [[-363 -364 -373 -352 -359 -378 -206 -374 -358 -369 -410 -363 -400 -370
  -408 -366 -355 -380 -373 -369]]
fitness: [13018 13019 13016 12978 13016 13014 12313 13017 13016 13018 12956 13019
 12982 13018 12963 13019 13015 13013 13016 13018] 

iteration: 41 
 particles: [[-365 -385 -393 -395 -386 -360 -421 -360 -378 -367 -426 -362 -309 -372
  -343 -367 -391 -377 -373 -368]]
fitness: [13019 13008 12995 12992 13007 13017 12921 13018 13015 13019 12901 13018
 12889 13017 12969 13019 13000 13015 13018 13019] 

iteration: 42 
 particles: [[-363 -367 -368 -345 -376 -360 -450 -356 -360 -367 -360 -366 -287 -359
  -342 -366 -355 -369 -361 -368]]
fitness: [13018 13019 13019 12971 13016 13018 12793 13015 13017 13018 13018 13019
 12815 13017 12967 13019 13014 13018 13018 13018] 

iteration: 43 
 particles: [[-360 -354 -354 -338 -355 -364 -400 -367 -363 -368 -341 -366 -440 -370
  -385 -366 -358 -361 -359 -370]]
fitness: [13018 13014 13013 12960 13015 13019 12982 13018 13018 13019 12965 13019
 12842 13018 13007 13019 13017 13018 13017 13018] 

iteration: 44 
 particles: [[-372 -381 -380 -394 -366 -368 -339 -371 -377 -368 -397 -362 -366 -372
  -353 -368 -382 -376 -368 -367]]
fitness: [13017 13011 13013 12994 13019 13018 12963 13018 13015 13019 12988 13018
 13018 13019 12979 13018 13010 13016 13019 13019] 

iteration: 45 
 particles: [[-362 -362 -365 -383 -372 -367 -385 -365 -364 -369 -362 -360 -326 -362
  -352 -367 -357 -363 -373 -370]]
fitness: [13018 13018 13017 13010 13017 13019 13007 13017 13017 13018 13019 13016
 12936 13018 12978 13019 13016 13018 13018 13017] 

iteration: 46 
 particles: [[-360 -358 -364 -346 -360 -364 -380 -363 -363 -366 -355 -365 -399 -367
  -380 -365 -359 -363 -365 -369]]
fitness: [13017 13016 13017 12972 13018 13018 13012 13018 13018 13019 13015 13018
 12984 13018 13013 13018 13017 13019 13018 13018] 

iteration: 47 
 particles: [[-362 -373 -367 -365 -363 -363 -365 -365 -372 -371 -364 -366 -351 -369
  -390 -365 -365 -364 -365 -368]]
fitness: [13018 13017 13019 13019 13018 13018 13019 13019 13018 13018 13018 13018
 12977 13018 13000 13018 13019 13019 13018 13018] 

iteration: 48 
 particles: [[-365 -361 -368 -375 -368 -365 -360 -366 -367 -372 -370 -362 -352 -366
  -337 -368 -371 -367 -372 -371]]
fitness: [13018 13019 13019 13015 13018 13018 13018 13018 13019 13017 13018 13018
 12978 13018 12958 13018 13018 13019 13017 13019] 

iteration: 49 
 particles: [[-368 -359 -365 -352 -369 -365 -375 -366 -365 -369 -368 -364 -365 -365
  -417 -365 -363 -361 -373 -371]]
fitness: [13020 13017 13018 12978 13018 13019 13016 13019 13017 13018 13020 13018
 13019 13019 12935 13019 13019 13018 13017 13018] 

global best: -367.0 
 manipulability 13020
