iteration: 0 
 particles: [[-524  124  -70 -486 -272 -511 -550 -509  267 -173 -505  200   44   76
    29  282 -345   40 -526  219]]
fitness: [12192  7943 10920 12547 12753 12343 11827 12366  5822 12056 12408  6771
  9242  8722  9479  5633 12971  9306 12168  6485] 

iteration: 1 
 particles: [[-390  122 -271 -278 -340 -404 -383 -483 -296 -493 -397 -630 -309 -355
  -144 -381 -345 -625 -275 -630]]
fitness: [13000  7976 12749 12780 12964 12972 13010 12571 12847 12485 12989  9783
 12886 13015 11800 13012 12971  9965 12766  9783] 

iteration: 2 
 particles: [[-217 -630 -494 -153 -402 -275 -217 -298 -630 -630 -247 -630 -630 -630
  -375 -630 -352 -630 -108 -630]]
fitness: [12394  9782 12476 11883 12978 12766 12395 12854  9783  9782 12626  9782
  9783  9783 13016  9783 12978  9783 11363  9783] 

iteration: 3 
 particles: [[-309 -630 -507 -401 -427 -267 -393 -195 -442 -630 -324 -630 -614 -252
  -581 -375 -371 -298 -602 -630]]
fitness: [12889  9783 12387 12980 12898 12731 12996 12228 12833  9782 12931  9783
 10363 12654 11250 13016 13018 12852 10713  9783] 

iteration: 4 
 particles: [[-420 -602  156 -564 -368 -470 -494 -499   33 -218 -498 -408  202  -82
  -387 -146 -388  -99 -618 -598]]
fitness: [12925 10713  7443 11589 13019 12670 12475 12427  9416 12402 12437 12962
  6742 11081 13005 11819 13003 11300 10274 10827] 

iteration: 5 
 particles: [[-403 -149 -630 -155 -316 -502 -337 -501 -476 -411 -375 -206  -58 -630
  -169 -263 -352 -447 -300 -437]]
fitness: [12975     0  9783 11902 12909 12437 12959 12408 12625 12955 13017 12314
 10757  9783 12022 12711 12977 12808 12859 12856] 

iteration: 6 
 particles: [[-337 -474 -630 -215 -434 -502 -301 -127 -540 -532 -255 -268 -322 -630
  -103 -630 -363 -477 -103 -188]]
fitness: [12958 12642  9783 12379 12868 12436 12862 11586 11979 12091 12670 12735
 12926  9782 11351  9783 13019 12619 11351 12175] 

iteration: 7 
 particles: [[-387 -613 -289 -506 -365 -397 -422 -265  -67 -216 -354 -363 -595  -71
  -511 -265 -374 -184 -185 -457]]
fitness: [13005 10397 12823 12397 13019 12989 12917 12721 10880 12387 13014 13019
 10908 10935 12345 12720 13017 12144 12151 12754] 

iteration: 8 
 particles: [[-414 -554  -20 -411 -312 -262 -443 -607 -348 -258 -495 -447 -241 -115
  -538 -177 -374 -163 -567 -532]]
fitness: [12944 11763 10215 12953 12898 12705 12827 10609 12973 12685 12467 12808
 12592 11451 12008 12088 13017 11971 11534 12090] 

iteration: 9 
 particles: [[-399  -84 -184 -261 -348 -538 -303  -11 -600 -474 -349 -227 -152 -610
  -386 -454 -364 -319 -333 -333]]
fitness: [12983 11107 12144 12701 12974 12009 12869 10085 10773 12640 12975 12462
 11874 10504 13006 12771 13018 12916 12952 12950] 

iteration: 10 
 particles: [[-338 -538 -511 -324 -423 -437 -344 -630 -442 -486 -277 -102 -278 -421
  -219 -461 -361 -472 -176 -163]]
fitness: [12961 12008 12344 12931 12913 12856 12969  9782 12833 12546 12775 11339
 12779 12921 12408 12730 13017 12654 45056 11971] 

iteration: 11 
 particles: [[-205 -630 -325 -430 -118  135 -318 -132  149  162 -177 -523 -297  256
  -275   34  -53 -540  -42 -371]]
fitness: [12306  9782 12934 12885 11488  7768 12915     0  7550  7351 12088 12205
 12850  5966 12766  9401 10687 11980 10533 13018] 

iteration: 12 
 particles: [[-384  158 -145  -24 -460 -103 -199  182   63 -504 -214  -16 -304 -260
  -386 -228 -568  290 -302 -222]]
fitness: [13009  7412 11810 10273 12735 11351 12259  7040  8937 12417 12373 10158
 12871 12696 13006 12470 11515  5540 12865 12430] 

iteration: 13 
 particles: [[-302 -574 -360 -276 -482 -404 -189  -85 -186 -630 -326  141 -182 -622
   -69 -387  110 -215 -117 -196]]
fitness: [12865 11398 13017 12771 12579 12973 12182 11119 12158  9784 12936  7672
 12128 10105 10907 13005  8166 12380 11475 12236] 

iteration: 14 
 particles: [[-147 -494 -219 -498  119 -564 -534 -627 -412 -630 -435 -381 -211 -569
   -43 -215 -532 -630 -100 -245]]
fitness: [11828 12476 12409 12437  8022 11588 12063  9873 12950  9783 12864 13012
 12351 11496 10547 12380 12090  9783 11313 12614] 

iteration: 15 
 particles: [[ -79 -314 -198 -470  -67 -283 -630 -630 -475 -630  -66 -486 -237  177
  -442 -173 -544 -227 -358 -233]]
fitness: [11041 12903 12251 12669 10880 12800  9783  9783 12633  9783 10867 12546
 12567  7117 12833 12056 11921 12463 13016 12503] 

iteration: 16 
 particles: [[-574  102 -322 -135 -630   -6 -630 -511  163 -408   -2  -58 -316 -517
  -630 -454   71   25 -272 -401]]
fitness: [11396  8294 12925 11715  9783  9986  9782 12345  7335 12963  9952 10757
 12909 12277  9783 12771  8805  9542 12754 12980] 

iteration: 17 
 particles: [[-432 -630 -206 -269 -344  -46  290 -230 -464  -65 -380 -303 -106 -588
  -457 -464  264 -227  -64 -354]]
fitness: [12876  9783 12314 12740 12970 10589  5540 12484 12709 10853 13013 12869
 11337 11090 12754 12710  5860 12463 10839 13015] 

iteration: 18 
 particles: [[ 109 -335 -131 -283   44 -290  290   94 -282 -261 -630 -475  -72 -124
   -70   13 -630 -484 -257 -171]]
fitness: [ 8183 12954 11675 12800  9242 12826  5539  8426 12796 12701  9783 12633
 10948 11556 10920  9726  9783 12563 12680 12039] 

iteration: 19 
 particles: [[-196  176 -186 -448  152 -372 -630 -453  -51 -616 -385  -67 -580   -7
  -476  283 -630 -165 -250 -277]]
fitness: [12236  7132 12159 12803  7504 13017  9784 12778 10660 10291 13007 10880
 11273 10025 12626  5622  9783 11989 12643 12776] 

iteration: 20 
 particles: [[-630 -630 -375 -533 -630  -87 -329 -213 -485 -161  108  -53 -630 -515
  -285 -445 -335  -84  -61 -494]]
fitness: [ 9783  9783 13016 12076  9783 11146 12943 12365 12555 11954  8199 10688
  9784 12300 12807 12819 12954 11106 10798 12477] 

iteration: 21 
 particles: [[-471 -574 -160  148 -612 -229  -78  -99 -165    4  -71 -630  290 -630
  -142 -580 -108 -597 -207 -244]]
fitness: [12663 11397 11945  7566 10432 12477 11027 11301 11988  9862 10934  9783
  5539  9783 11782 11273 11363 10853 12321 12609] 

iteration: 22 
 particles: [[ -67   85 -204 -322  290 -368  -54  -98 -142 -506 -630 -591   53  240
  -120 -292  -96 -312 -256  -12]]
fitness: [10880  8574 12298 12927  5539 13018 10702 11288 11782 12397  9783 11016
  9099  6184 11513 12833 11263 12897 12676 10099] 

iteration: 23 
 particles: [[ -93 -294 -428 -577  152 -285 -630 -248 -484 -630 -167  290 -630 -574
  -264  -52 -573   91 -156 -630]]
fitness: [11224 12840 12894 11335  7505 12807  9783 12632 12563  9783 12004  5539
  9783 11397 12716 10673 11417  8476 11909  9782] 

iteration: 24 
 particles: [[-630 -500 -334 -375 -117 -331 -129 -296  -97   68   97  290 -630 -430
  -490 -219 -272 -233 -109 -630]]
fitness: [ 9783 12418 12953 13016 11475 12947 11654 12848 11275  8854  8378  5539
  9783 12885 12513 12409 12754 12502 11375  9783] 

iteration: 25 
 particles: [[-433 -182 -239  146 -379 -300 -231 -162 -286  -87 -630 -570  144   16
    40 -328  -99 -575 -177 -193]]
fitness: [12872 12128 12579  7596 13013 12859 12489 11963 12811 11146  9783 11476
  7627  9680  9306 12942 11301 11376 12088 12211] 

iteration: 26 
 particles: [[  56  -39 -179  290 -297 -201 -459 -101 -370 -630 -630 -630 -247 -262
   151 -195 -359  -87 -226 -159]]
fitness: [ 9050 10490 12104  5540 12850 12275 12742 11326 13019  9783  9783  9784
 12626 12707  7519 12227 13017 11147 12457 11936] 

iteration: 27 
 particles: [[-590 -119 -249 -630 -171 -112 -336 -310 -207 -512 -630  139 -547 -422
  -630 -201 -300  -19 -169 -247]]
fitness: [11041 11500 12637  9783 12038 11414 12957 12892 12321 12334  9783  7704
 11874 12917  9783 12275 12859 10201 12023 12626] 

iteration: 28 
 particles: [[-630 -393 -273 -630 -119 -163 -247 -289 -146  174 -426 -194  211 -352
  -630 -403 -100 -508 -136 -386]]
fitness: [ 9784 12996 12758  9783 11500 11971 12626 12823 11819  7163 12901 12220
  6605 12978  9783 12975 11312 12376 11724 13006] 

iteration: 29 
 particles: [[ 182 -326 -137 -184 -414 -413 -257 -167 -299 -630 -185 -630   -2  -10
  -256 -312 -455 -231 -124 -374]]
fitness: [ 7040 12936 11733 12143 12945 12947 12681 12005 12855  9782 12151  9783
  9951 10070 12675 12897 12765 12490 11555 13017] 

iteration: 30 
 particles: [[-510 -255 -481   22 -152 -345 -317 -140 -517 -173 -254   46 -373  -16
   -25 -185 -601 -151 -250 -114]]
fitness: [12355 12671 12588  9588 11875 12970 12911 11763 12277 12056 12665  9210
 13017 10157 10287 12151 10743 11864 12643 11439] 

iteration: 31 
 particles: [[-605 -204 -566 -308 -301  -38 -413 -392 -305  -96 -455 -273 -500 -630
  -133 -180  105 -259 -277 -171]]
fitness: [10675 12299 11553 12885 12862 10476 12947 12997 12872 11262 12765 12758
 12418  9783 11694 12111  8247 12691 12775 12040] 

iteration: 32 
 particles: [[ 142 -381 -292 -481 -484 -582 -344 -537   29 -256  -63 -393 -215 -232
  -630 -256 -354 -363  -41 -231]]
fitness: [ 7657 13012 12832 12588 12563 11228 12969 12023  9479 12676 10825 12996
 12380 12496  9783 12676 13014 13018 10519 12489] 

iteration: 33 
 particles: [[-516 -257  -52 -114 -444 -630  -90 -572 -450 -320 -105  -21  -25 -119
   290 -221 -603 -247 -167 -459]]
fitness: [12288 12680 10673 11438 12823  9784 11186 11437 12792 12920 11325 10230
 10288 11499  5539 12423 10682 12626 12006 12742] 

iteration: 34 
 particles: [[-630  -98 -311 -328  -20 -201 -544    5 -308 -419 -378 -527 -274 -170
  -630 -257   60 -219 -277 -323]]
fitness: [ 9783 11288 12894 12940 10215 12275 11921  9847 12884 12928 13015 12156
 12763 12031  9784 12680  8985 12409 12776 12929] 

iteration: 35 
 particles: [[  79 -344 -538 -504 -459 -198 -630   -7  -48 -369 -561 -342 -471 -221
  -630 -257 -488 -401 -119 -114]]
fitness: [ 8672 12969 12007 12418 12741 12251  9782 10026 10618 13019 11644 12966
 12662 12424  9783 12680 12529 12980 11499 11438] 

iteration: 36 
 particles: [[-129 -592 -277 -165 -414 -412 -278 -244   14   26 -155   -5 -519 -336
  -369 -337 -325 -319  -80 -285]]
fitness: [11655 10991 12775 11988 12944 12950 12780 12609  9711  9526 11902  9996
 12254 12957 13018 12959 12933 12918 11054 12807] 

iteration: 37 
 particles: [[-307   91  -85 -208  116  -90 -108 -540 -600 -334 -239  -72  -28 -363
   181 -160 -152  -39 -378 -513]]
fitness: [12881  8475 11120 12328  8070 11183 11363 11979 10772 12953 12579 10947
 10331 13017  7055 11945 11874 10490 13014 12322] 

iteration: 38 
 particles: [[-512 -518 -144 -531 -225  -81 -541  -53  179 -596 -438 -286 -588 -119
    -8 -321 -404  -81 -500 -462]]
fitness: [12333 12266 11800 12104 12451 11068 11965 10687  7086 10880 12851 12811
 11089 11500 10040 12923 12973 11067 12418 12724] 

iteration: 39 
 particles: [[-443 -630 -235 -630 -530 -365 -376   43 -630 -589 -204 -481 -520  -38
  -450 -263 -330 -334 -167  210]]
fitness: [12829  9783 12554  9783 12118 13018 13015  9259  9783 11065 12298 12587
 12242 10476 12793 12712 12945 12954 12005  6621] 

iteration: 40 
 particles: [[ 107 -173 -381 -195 -111 -487 -248 -174 -630   44 -155  174  255 -357
  -340 -225  -84 -462   51 -630]]
fitness: [ 8214 12056 13011 12227 11401 12538 12632 12064  9784  9243 11901  7164
  5980 13016 12963 12450 11106 12723  9130  9783] 

iteration: 41 
 particles: [[-190 -220 -290 -244    5 -227  -76 -357  163  266 -450  290   60 -380
  -188 -443 -119  119 -392 -566]]
fitness: [12189 12415 12826 12609  9846 12464 11001 13016  7335  5834 12793  5540
  8985 13013 12174 12828 11501  8023 12998 11553] 

iteration: 42 
 particles: [[-568 -222 -205 -186 -409 -263 -547 -305  -11   -8 -462  216 -390  -41
  -379 -389 -471 -590 -499  290]]
fitness: [11514 12429 12306 12159 12959 12711 11874 12874 10084 10040 12722  6529
 13000 10519 13014 13003 12662 11041 12427  5539] 

iteration: 43 
 particles: [[-391 -510 -400 -257 -333 -240 -600 -276 -630 -384  -76 -630 -356 -588
  -358   54 -373 -630  290  290]]
fitness: [13000 12354 12982 12681 12950 12585 10771 12771  9783 13009 11001  9784
 13016 11088 13016  9082 13016  9784  5539  5540] 

iteration: 44 
 particles: [[-207  -36 -190 -335 -102 -260   45 -261 -630 -438 -395 -630  -22  148
  -242 -444   42  150 -423 -529]]
fitness: [12321 10447 12189 12955 11338 12696  9227 12701  9783 12852 12992  9783
 10244  7565 12597 12824  9275  7535 12913 12130] 

iteration: 45 
 particles: [[-222 -385 -282 -400 -319 -212 -348 -181 -452 -105 -547 -461 -186   79
  -274 -222 -349 -305 -565 -630]]
fitness: [12429 13007 12796 12981 12918 12358 12974 12120 12782 11325 11874 12729
 12158  8672 12762 12429 12975 12874 11571  9783] 

iteration: 46 
 particles: [[-329 -433 -146  -13 -330 -441 -431 -393   69  -77 -572   37 -383 -630
  -331 -296 -626 -630  290   37]]
fitness: [12943 12874 11820 10114 12945 12838 12880 12996  8838 11014 11438  9353
 13010  9784 12946 12847  9921  9783  5539  9353] 

iteration: 47 
 particles: [[-203  -80 -348 -307 -345 -401   -5  -94 -571 -231  136 -522 -165 -365
  -233 -225  290  -63 -291  252]]
fitness: [12290 11054 12974 12880 12971 12979  9995 11236 11457 12490  7752 12217
 11988 13018 12502 12449  5539 10826 12830  6021] 

iteration: 48 
 particles: [[-346   -6 -173 -562 -248  -67 -348  -56 -630 -259 -160 -403 -281  -96
  -341 -267  290  -97 -426  -94]]
fitness: [12971  9985 12055 11626 12630 10880 12974 10729  9782 12690 11945 12975
 12792 11262 12965 12730  5540 11275 12902 11237] 

iteration: 49 
 particles: [[-210 -630 -155 -207 -302  -70 -578 -400 -156 -280 -630  101 -323 -258
  -421 -310 -322 -441  -40 -630]]
fitness: [12343  9782 11901 12321 12864 10921 11316 12982 11910 12787  9783  8312
 12928 12685 12920 12891 12926 12837 10504  9783] 

iteration: 50 
 particles: [[-369 -256 -543   -3 -310 -630  155 -551  -97 -225 -135   -1 -262 -469
  -410  -94 -583 -408 -106 -630]]
fitness: [13019 12676 11936  9967 12890  9783  7459 11811 11276 12450 11714  9937
 12706 12676 12956 11236 11206 12962 11338  9783] 

iteration: 51 
 particles: [[ -96 -146 -158  -62 -120 -630 -476 -150 -145 -237   44 -630 -218 -380
  -297 -155   -9    8 -330 -215]]
fitness: [11261 11819 11927 10812 11512  9783 12626 11855 11810 12567  9244  9783
 12401 13013 12849 11901 10055  9801 12945 12381] 

iteration: 52 
 particles: [[-489 -476  -45 -630 -435  290 -530 -166 -525 -227 -589 -475 -276    2
  -225 -533 -350 -497 -368  -88]]
fitness: [12520 12626 10576  9783 12864  5539 12118 11997 12180 12463 11065 12633
 12771  9892 12449 12077 12976 12448 13018 11158] 

iteration: 53 
 particles: [[-450 -253 -591 -621 -550 -475 -148 -252 -162 -213 -630  290 -178 -160
  -144  -42 -421 -108 -308 -119]]
fitness: [12793 12659 11016 10151 11828 12633 11838 12654 11963 12366  9783  5540
 12097 11945 11800 10533 12920 11363 12884 11500] 

iteration: 54 
 particles: [[-118  -64  -53  290 -271 -259   28 -327 -239 -319   13 -630 -253 -512
  -366 -184 -269   99   34 -436]]
fitness: [11488 10839 10688  5539 12749 12691  9494 12938 12578 12918  9725  9783
 12660 12334 13019 12143 12739  8344  9401 12859] 

iteration: 55 
 particles: [[-332 -516 -263 -142 -150 -190 -453 -388 -368 -268 -207 -630 -403   24
  -477 -556 -193 -503 -127 -516]]
fitness: [12949 12288 12711 11781 11856 12190 12776 13002 13019 12735 12321  9783
 12974  9557 12619 11730 12212 12427 11586 12288] 

iteration: 56 
 particles: [[-199  -79 -393 -630 -175 -179 -630 -147 -381 -263 -438 -318 -427 -297
  -383 -420 -150 -455 -384  -56]]
fitness: [12260 11041 12996  9783 12071 12104  9783 11827 13011 12711 12850 12915
 12898 12850 13009 12924 11856 12765 13009 10729] 

iteration: 57 
 particles: [[-129 -397 -324 -426 -522 -255 -100 -303  -97 -311 -123   10   71 -520
   -91 -133 -199  189   72   42]]
fitness: [11654 12988 12931 12901 12218 12670 11313 12869 11275 12894 11545  9771
  8804 12241 11198 11695 12259  6935  8788  9274] 

iteration: 58 
 particles: [[-332 -330 -101   25 -321 -185  -23 -371 -182 -336 -107 -472   70 -350
  -146 -338 -343  -98 -559 -338]]
fitness: [12949 12945 11325  9541 12924 12152 10258 13018 12128 12957 11350 12655
  8821 12977 11819 12961 12967 11287 11679 12960] 

iteration: 59 
 particles: [[-443 -102 -492 -236  -16 -217 -401 -409 -393 -294 -435 -179 -541   50
  -402 -228 -297 -457 -388 -290]]
fitness: [12828 11338 12495 12561 10157 12395 12980 12959 12995 12840 12864 12104
 11965  9147 12978 12471 12849 12755 13004 12827] 

iteration: 60 
 particles: [[-413 -476 -437 -369   -3 -417 -237 -353 -330 -317 -357 -117 -510 -630
  -473 -311 -222 -179 -176 -208]]
fitness: [12947 12626 12855 13018  9966 12933 12567 12978 12946 12911 13016 11476
 12355  9782 12649 12895 12429 12103 46076 12329] 

iteration: 61 
 particles: [[  24 -360 -251 -302  -93 -296 -151 -151 -291 -186  -48 -313  176 -630
     5 -334 -184 -261  -49 -449]]
fitness: [ 9557 13018 12648 12866 11223 12847 11864 11865 12830 12158 10618 12900
  7133  9784  9847 12953 12144 12701 10631 12798] 

iteration: 62 
 particles: [[-528  -97 -149 -224 -617 -198 -479 -293 -328 -424 -439 -496 -542  -54
  -569 -283 -316 -352 -218 -299]]
fitness: [12142 11275     0 12442 10253 12251 12603 12837 12941 12909 12845 12456
 11950 10701 11495 12800 12909 12977 12402 12856] 

iteration: 63 
 particles: [[-630 -518 -257 -448 -160 -342  -29 -212 -301   -7 -576  -49 -300 -117
  -279 -150 -271 -380 -193 -226]]
fitness: [ 9784 12266 12680 12803 11945 12966 10345 12358 12863 10025 11357 10632
 12860 11475 12783 11855 12748 13012 12212 12457] 

iteration: 64 
 particles: [[ 146 -355 -339 -235 -235 -449 -622 -186 -387 -190  290 -372   -6 -405
   -76 -440 -334 -316 -135 -398]]
fitness: [ 7595 13015 12962 12554 12555 12798 10105 12159 13005 12189  5540 13017
  9977 12970 11001 12842 12953 12909 11714 12986] 

iteration: 65 
 particles: [[-386 -190 -296 -206 -468 -152 -474 -389  -23 -451 -588 -283    3 -462
  -129 -354 -105 -129 -174 -365]]
fitness: [13006 12189 12847 12314 12683 11873 12640 13001 10259 12787 11090 12799
  9877 12724 11654 13015 11325 11655 12064 13018] 

iteration: 66 
 particles: [[-295 -350 -212 -186  -58  -10  -98  -84 -564 -225 -630  -71 -630 -292
  -432    8 -382 -229 -198    0]]
fitness: [12843 12976 12358 12159 10757 10069 11288 11106 11590 12449  9783 10934
  9784 12834 12876  9801 13010 12477 12251  9921] 

iteration: 67 
 particles: [[-270 -157 -293 -424 -447 -549 -155 -111 -304  -97  290 -595   20   19
  -326 -630 -241 -277 -163 -630]]
fitness: [12744 11919 12837 12909 12809 11843 11901 11400 12870 11275  5540 10909
  9619  9634 12936  9783 12591 12775 11971  9783] 

iteration: 68 
 particles: [[-256 -258 -289  -87  -24 -197 -499 -604  -42 -216  290 -552   44 -630
  -147 -123 -206 -302 -179   54]]
fitness: [12676 12684 12822 11146 10273 12244 12427 10707 10533 12387  5540 11794
  9242  9783 11827 11545 12313 12865 12105  9082] 

iteration: 69 
 particles: [[-211 -445 -233 -235 -210 -158 -170   53 -545 -305 -630 -150 -459  240
  -344 -316 -420 -273 -177 -152]]
fitness: [12351 12818 12503 12555 12344 11928 12030  9098 11904 12873  9784 11856
 12741  6184 12970 12909 12923 12758 12088 11874] 

iteration: 70 
 particles: [[-434 -269 -201 -337 -487 -451 -198 -630 -247 -363 -630 -318 -271  290
  -228 -389 -275 -176 -175 -630]]
fitness: [12867 12740 12275 12959 12538 12788 12251  9784 12626 13019  9783 12916
 12749  5540 12470 13002 12766 46575 12071  9784] 

iteration: 71 
 particles: [[ -56 -199 -322 -200 -477 -483 -233 -322 -153 -382 -220 -310 -146  -91
  -219 -200 -115 -122 -174 -442]]
fitness: [10729 12259 12926 12267 12619 12571 12502 12925     0 13010 12415 12891
 11819 11198 12409 12267 11450 11535 12063 12832] 

iteration: 72 
 particles: [[-281 -201 -260 -288  134 -164 -289  -72 -164 -211   21 -172 -196 -630
  -284 -390 -270 -197 -177 -264]]
fitness: [12791 12275 12696 12819  7783 11979 12823 10947 11981 12352  9604 12046
 12236  9783 12804 13001 12744 12243 12087 12715] 

iteration: 73 
 particles: [[-372 -230 -381 -325  -75 -202 -178 -372 -522 -278 -630 -360 -513 -213
  -445 -420 -458 -207 -177 -233]]
fitness: [13017 12483 13011 12933 10988 12283 12096 13017 12217 12780  9783 13017
 12322 12366 12818 12924 12748 12321 12089 12502] 

iteration: 74 
 particles: [[-257 -459  -49 -178 -630 -260 -144 -222 -263 -336 -109 -252  135   35
  -242 -147 -175 -161 -176 -399]]
fitness: [12681 12742 10633 12096  9784 12697 11801 12429 12711 12956 11376 12653
  7767  9386 12597 11828 12072 11954 46582 12985] 

iteration: 75 
 particles: [[-258 -141 -231 -216   22 -437 -285 -229 -107 -332 -180 -305 -630  -88
   -61 -440 -373 -178 -175 -365]]
fitness: [12686 11772 12490 12388  9587 12855 12808 12477 11350 12949 12112 12873
  9783 11159 10798 12840 13017 12096 12072 13018] 

iteration: 76 
 particles: [[-247 -197 -488 -281  -10 -323 -295 -164 -595 -249 -495 -343 -175 -630
  -339 -332 -344 -185 -176 -215]]
fitness: [12625 12243 12530 12792 10070 12929 12842 11980 10909 12638 12466 12968
 12072  9783 12962 12950 12969 12151 46582 12380] 

iteration: 77 
 particles: [[-461 -449    5 -325 -630 -303 -256 -162 -194 -275  -93  -66 -277 -325
  -384 -247 -166 -163 -176 -133]]
fitness: [12729 12797  9846 12932  9784 12869 12676 11962 12219 12767 11223 10866
 12775 12933 13008 12624 11997 11971 46581 11695] 

iteration: 78 
 particles: [[-164 -332 -256 -136 -619 -120 -235 -253 -134 -392   53 -445 -369 -109
   -22 -269 -351 -174 -176 -182]]
fitness: [11980 12949 12675 11724 10233 11512 12554 12659 11704 12997  9098 12819
 13018 11376 10244 12739 12977 12064 12080 12127] 

iteration: 79 
 particles: [[-112  -38 -400 -273   22 -292 -246 -208 -395 -374 -618 -181 -301 -268
  -493 -445 -377 -183 -176 -442]]
fitness: [11413 10476 12982 12757  9588 12833 12620 12329 12992 13017 10273 12120
 12862 12735 12485 12819 13015 12136 46582 12833] 

iteration: 80 
 particles: [[-375 -602 -114 -392  290 -382 -394 -352 -217 -139 -318 -287 -213 -416
  -238   50 -316 -175 -176 -172]]
fitness: [13016 10713 11439 12997  5540 13011 12993 12977 12395 11753 12914 12815
 12366 12937 12573  9147 12909 12072 46764 12048] 

iteration: 81 
 particles: [[-168 -100 -359  -11 -612 -186 -150 -233 -347 -425  -74 -288 -348 -381
  -302 -630  -72 -171 -176 -403]]
fitness: [12014 11312 13017 10084 10432 12159 11856 12502 12974 12905 10975 12819
 12974 13012 12864  9783 10947 12039 46765 12976] 

iteration: 82 
 particles: [[-155 -240 -201  -30 -345  -83 -184  -84 -243  -97 -330 -194 -152 -285
  -205  -84  -78 -181 -176 -262]]
fitness: [11901 12586 12275 10361 12970 11093 12143 11107 12603 11275 12945 12219
 11873 12807 12305 11106 11027 12120 46780 12706] 

iteration: 83 
 particles: [[-353 -337 -221 -262  -46 -630 -411 -190 -302 -144 -294 -341 -489 -112
  -311 -157 -423 -177 -176 -171]]
fitness: [12978 12958 12422 12706 10590  9784 12953 12190 12866 11800 12839 12965
 12521 11414 12894 11919 12913 12088 46739 12039] 

iteration: 84 
 particles: [[-353 -387 -322 -386 -480  -32 -253 -328 -148 -425 -305 -283 -435 -286
  -241 -630 -493 -173 -176 -533]]
fitness: [12979 13005 12926 13006 12595 10390 12660 12941 11838 12905 12874 12800
 12863 12811 12591  9783 12484 12056 12079 12076] 

iteration: 85 
 particles: [[-166 -357 -254  -56 -201   21 -200 -322 -366  -60 -337 -119 -143 -342
  -223 -118   20 -179 -176 -364]]
fitness: [11997 13015 12665 10730 12275  9603 12267 12926 13020 10784 12958 11500
 11791 12967 12436 11488  9618 12104 46730 13018] 

iteration: 86 
 particles: [[-336 -139 -348 -630  -56 -400 -436 -134 -322 -298 -282 -235 -406 -137
  -251 -257 -308 -172 -176  -25]]
fitness: [12957 11752 12975  9784 10729 12983 12860 11704 12926 12854 12796 12555
 12967 11734 12648 12680 12884 12047 46730 10288] 

iteration: 87 
 particles: [[-224 -456 -184  -28 -601 -242  -59 -356 -254 -235 -190 -387 -199 -371
  -301 -378 -429 -177 -176 -373]]
fitness: [12443 12760 12144 10331 10743 12598 10771 13016 12665 12554 12189 13005
 12259 13018 12861 13013 12890 12088 46736 13017] 

iteration: 88 
 particles: [[-134 -110 -161  177  -95 -284 -458 -273 -213 -393 -341 -407 -118 -449
  -116 -258 -314 -176 -176 -270]]
fitness: [11704 11388 11954  7118 11249 12804 12747 12758 12367 12996 12964 12965
 11488 12797 11463 12685 12903 46977 46976 12745] 

iteration: 89 
 particles: [[-438 -200 -556 -513 -115 -166 -558 -299 -283 -235 -370 -170 -229 -424
  -210 -318 -136 -175 -176 -188]]
fitness: [12850 12267 11730 12323 11450 11996 11696 12857 12801 12554 13017 12030
 12476 12908 12343 12915 11724 12071 47009 12174] 

iteration: 90 
 particles: [[-341 -306  -28 -563 -556 -518  290 -355 -287 -171  -41 -158 -359   27
  -456 -203 -138 -176 -176 -330]]
fitness: [12964 12877 10331 11608 11729 12265  5540 13016 12815 12039 10518 11927
 13017  9510 12759 12291 11744 47009 47009 12945] 

iteration: 91 
 particles: [[-158 -346    4  -34  114 -249 -303  -93 -386 -234 -300 -212 -373    3
   -83 -185 -421 -176 -176 -155]]
fitness: [11927 12972  9862 10418  8101 12638 12868 11223 13007 12510 12860 12358
 13017  9877 11093 12151 12920 12079 47009 11901] 

iteration: 92 
 particles: [[-395 -176  -91 -214 -216 -136 -402 -224 -179 -360 -273 -424    4 -283
  -558 -295 -215 -176 -176 -225]]
fitness: [12992 47008 11198 12373 12387 11724 12978 12443 12104 13018 12758 12910
  9862 12798 11697 12844 12380 47008 47008 12450] 

iteration: 93 
 particles: [[ -74 -101 -451 -328 -549 -155  -53 -513 -174 -227 -139  -71 -233 -287
  -454 -179 -263 -176 -176 -420]]
fitness: [10974 11326 12787 12940 11843 11901 10688 12323 12063 12464 11753 10934
 12503 12815 12770 12105 12711 46987 46987 12925] 

iteration: 94 
 particles: [[-427 -227 -453 -294  -98 -506 -413  -97 -238 -226 -405 -285 -427 -205
   -35 -461 -287 -176 -176 -284]]
fitness: [12898 12463 12777 12841 11288 12396 12948 11275 12573 12457 12970 12808
 12897 12306 10432 12729 12815 12080 12080 12803] 

iteration: 95 
 particles: [[-530 -127  160 -227 -175 -120 -350 -479 -228 -299 -424 -239 -111 -142
  -207 -335 -217 -176 -176 -178]]
fitness: [12117 11586  7381 12464 12072 11512 12976 12604 12469 12857 12910 12579
 11400 11781 12321 12955 12395 12081 46998 12096] 

iteration: 96 
 particles: [[ 290 -103 -630 -383 -554 -229 -333   93 -368 -323 -243 -147 -110 -507
  -509  -61 -261 -176 -176 -271]]
fitness: [ 5540 11300  9783 13010 11763 12476 12951  8443 13019 12929 12602 11828
 11388 12387 12367 10798 12701 47013 47013 12748] 

iteration: 97 
 particles: [[-356 -251 -630 -299  -77 -247 -163   23 -404 -298 -152 -130 -210 -552
  -450 -538 -377 -176 -176 -187]]
fitness: [13015 12648  9783 12856 11015 12626 11972  9572 12972 12852 11874 11664
 12344 11795 12793 12009 13015 46977 46977 12166] 

iteration: 98 
 particles: [[-559 -185 -114 -231 -423 -271 -481 -591 -179 -254 -526 -395 -482  162
    -9 -404  -76 -176 -176 -480]]
fitness: [11679 12152 11438 12489 12913 12749 12587 11016 12104 12665 12168 12992
 12580  7351 10054 12973 11001 46977 12079 12596] 

iteration: 99 
 particles: [[-226 -154    8 -262 -193 -136  -70  -93 -348 -294 -252  -92 -170 -375
  -373 -105 -542 -176 -176   34]]
fitness: [12456 11892  9801 12706 12212 11724 10921 11223 12974 12841 12654 11211
 12031 13015 13017 11325 11951 46977 46977  9401] 

global best: -176.0 
 manipulability 47013
