iteration: 0 
 particles: [[ -58 -256 -148 -237    3 -565 -363  -23 -246 -391 -606 -239  283 -463
   286 -555 -229   92  -96 -374]]
fitness: [10757 12675 11837 12566  9876 11571 13018 10259 12621 12999 10643 12578
  5622 12717  5587 11747 12476  8459 11261 13017] 

iteration: 1 
 particles: [[-359 -267 -295 -436 -283 -175 -364 -487 -442 -377 -251 -292 -585 -413
  -630 -304 -378    9 -392 -355]]
fitness: [13016 12730 12844 12858 12800 12072 13019 12537 12833 13015 12648 12833
 11160 12947  9783 12871 13014  9787 12997 13015] 

iteration: 2 
 particles: [[-630 -304 -512 -504 -630  -14 -364 -630 -495 -341  -41 -352 -630 -353
  -630 -158 -486 -138 -629 -382]]
fitness: [ 9784 12871 12333 12417  9783 10129 13018  9783 12466 12965 10519 12978
  9782 12979  9783 11927 12546 11743  9773 13011] 

iteration: 3 
 particles: [[  31 -420  -39 -511 -291 -397 -364 -458 -481 -370 -475 -416 -630 -312
  -581 -256 -325 -372 -455 -376]]
fitness: [ 9447 12923 10490 12345 12830 12988 13019 12748 12587 13019 12634 12938
  9784 12898 11250 12676 12934 13019 12766 13015] 

iteration: 4 
 particles: [[  63 -475  -90 -255  -34 -630 -364 -176 -271 -390 -630 -369 -630 -339
  -399 -393 -350 -577 -110 -363]]
fitness: [ 8936 12634 11185 12669 10419  9783 13018     0 12748 13001  9783 13018
  9783 12961 12985 12997 12977 11336 11388 13019] 

iteration: 5 
 particles: [[-630 -331 -630 -151 -314 -155 -364   19 -373 -348  -71 -325 -193 -431
  -195 -504 -424 -462 -214 -351]]
fitness: [ 9783 12946  9784 11865 12903 11901 13018  9633 13017 12975 10934 12933
 12211 12880 12227 12417 12909 12723 12373 12978] 

iteration: 6 
 particles: [[-630 -240 -456 -630 -627 -307 -364 -630 -451 -328   65 -353 -100 -340
  -337 -337 -394 -179 -453 -371]]
fitness: [ 9783 12585 12760  9783  9874 12881 13018  9783 12788 12940  8903 12979
 11313 12964 12959 12959 12993 12104 12777 13018] 

iteration: 7 
 particles: [[-630 -445  -39 -512  -80 -473 -364 -630 -196 -398 -409 -408 -360 -297
  -560 -303 -341 -237 -561 -371]]
fitness: [ 9783 12819 10490 12334 11054 12648 13019  9783 12236 12986 12958 12962
 13016 12850 11661 12868 12965 12567 11644 13019] 

iteration: 8 
 particles: [[-520 -410 -120  -67 -127 -529 -364 -630 -298 -360 -630 -393 -590 -287
  -553 -470 -362 -570 -310 -354]]
fitness: [12241 12956 11512 10880 11585 12130 13018  9783 12853 13018  9784 12994
 11042 12815 11780 12669 13017 11476 12890 13014] 

iteration: 9 
 particles: [[ -53 -311 -630 -521 -630 -349 -364 -261 -603 -338 -250 -313  -37 -416
  -222 -386 -382 -630 -243 -355]]
fitness: [10687 12894  9783 12230  9783 12975 13019 12701 10682 12961 12643 12900
 10462 12938 12429 13006 13011  9783 12603 13015] 

iteration: 10 
 particles: [[-625 -350 -453 -570 -630 -272 -364 -260 -588 -377 -186 -420 -630 -427
  -108 -296 -376 -499 -352 -365]]
fitness: [ 9966 12977 12776 11475  9784 12753 13019 12695 11089 13014 12159 12924
  9783 12898 11363 12846 13015 12428 12979 13019] 

iteration: 11 
 particles: [[-457 -404  -54 -269 -603 -378 -364 -358   96 -392 -558 -466 -617 -226
  -630 -314 -334 -227 -508 -371]]
fitness: [12753 12972 10702 12738 10683 13014 13017 13017  8394 12996 11696 12697
 10253 12457  9782 12903     0 12463 12376 13017] 

iteration: 12 
 particles: [[-214 -321  148 -241 -237 -456 -364 -452 -569 -331 -271 -362 -290 -445
  -438 -451 -352 -226 -222 -373]]
fitness: [12373 12923  7566 12590 12568 12760 13018 12783 11495 12947 12748 13018
 12826 12819 12850 12787 12978 12457 12429 13018] 

iteration: 13 
 particles: [[-259 -273 -630 -630 -183 -264 -364 -388 -630 -307 -196 -279  -92 -409
  -212 -437 -386 -284 -468 -358]]
fitness: [12692 12758  9784  9783 12136 12715 13019 13003  9784 12880 12235 12784
 11211 12960 12358 12855 13006 12804 12683 13017] 

iteration: 14 
 particles: [[-602 -303 -630 -169 -436 -180 -364 -289  102 -417 -630 -303 -237 -232
  -235 -339 -380 -487 -450 -359]]
fitness: [10714 12869  9782 12022 12859 12112 13018 12822  8295 12934  9783 12869
 12567 12497 12555 12962 13013 12538 12793 13017] 

iteration: 15 
 particles: [[-245 -389 -198 -442 -433 -630 -364 -337 -630 -425 -630 -472 -609 -305
  -630 -350 -343 -495 -277 -372]]
fitness: [12614 13004 12252 12833 12872  9783 13019 12958  9783 12907  9783 12655
 10541 12874  9783 12976 12968 12467 12775 13018] 

iteration: 16 
 particles: [[-104 -430  -89 -622  -95 -630 -364 -439 -630 -389  -29 -475 -413 -402
  -630 -401 -351 -224 -486 -365]]
fitness: [11311 12885 11171 10105 11249  9784 13018 12847  9784 13001 10346 12633
 12947 12978  9784 12979 12977 12444 12547 13019] 

iteration: 17 
 particles: [[-610 -288 -199 -322 -226   27 -364 -324 -540 -320 -119 -385 -145 -402
  -224 -410 -364 -120 -477 -354]]
fitness: [10503 12819 12259 12926 12457  9510 13018 12932 11979 12921 11499 13006
 11810 12977 12443 12957 13018 11512 12618 13014] 

iteration: 18 
 particles: [[-378 -390 -588  -95 -630 -259 -364 -286 -346 -372 -630 -280 -597 -303
  -202 -344 -375 -403 -173 -372]]
fitness: [13015 12999 11090 11249  9784 12691 13019 12812 12972 13018  9782 12787
 10854 12868 12283 12970 13017 12976 12055 13018] 

iteration: 19 
 particles: [[-120 -453 -297 -138 -630 -630 -364 -314 -233 -405 -472 -331 -565 -353
  -630 -383 -361 -549 -582 -373]]
fitness: [11512 12777 12850 11743  9783  9783 13019 12903 12503 12970 12656 12947
 11571 12979  9783 13009 13019 11843 11228 13018] 

iteration: 20 
 particles: [[-584 -381 -141 -448  290 -451 -364 -451 -302 -342  -73 -437 -114 -399
  -630 -404 -350 -374 -287 -359]]
fitness: [11182 13011 11771 12804  5540 12788 13019 12787 12865 12967 10960 12855
 11438 12984  9783 12972 12976 13016 12816 13017] 

iteration: 21 
 particles: [[-630 -290 -248 -455 -287  -32 -364 -493 -496 -329 -616 -400 -223 -390
   -68 -384 -375 -214 -187 -363]]
fitness: [ 9784 12826 12631 12764 12816 10390 13019 12485 12457 12943 10292 12983
 12436 13001 10893 13009 13016 12373 12166 13018] 

iteration: 22 
 particles: [[ -62 -357 -426 -157 -630 -630 -364 -368 -189 -376 -630 -317 -358 -374
  -528 -349 -379 -351 -598 -368]]
fitness: [10813 13017 12902 11920  9783  9784 13018 13020 12181 13016  9783 12911
 13015 13016 12143 12976 13012 12977 10827 13019] 

iteration: 23 
 particles: [[  17 -427 -488  -12 -630 -630 -366 -264 -451 -404 -526 -303 -474 -356
  -630 -363 -354 -519 -201 -372]]
fitness: [ 9664 12898 12529 10098  9782  9784 13019 12716 12787 12972 12167 12868
 12641 13015  9783 13018 13014 12254 12275 13017] 

iteration: 24 
 particles: [[-630 -389 -345 -630 -261 -120 -367 -266 -458 -387 -248 -341 -429 -395
  -448 -383 -348 -481 -285 -373]]
fitness: [ 9783 13002 12970  9783 12701 11512 13018 12726 12748 13005 12632 12966
 12890 12992 12805 13010 12974 12588 12808 13016] 

iteration: 25 
 particles: [[-630 -286 -255 -630  -70 -534 -366 -365 -299 -328 -191 -429 -236 -377
   -78 -369 -372 -273 -396 -361]]
fitness: [ 9782 12812 12671  9783 10920 12063 13019 13019 12855 12940 12196 12890
 12561 13014 11028 13018 13017 12758 12990 13019] 

iteration: 26 
 particles: [[-416 -253 -297 -212 -275 -531 -366 -452 -325 -357 -495 -415 -238 -357
  -331 -352 -380 -459 -447 -360]]
fitness: [12937 12660 12850 12359 12767 12103 13019 12782 12933 13015 12466 12941
 12573 13016 12946 12979 13012 12741 12809 13017] 

iteration: 27 
 particles: [[-161 -357 -471  -39 -560 -294 -368 -317 -407 -423 -630 -303 -348 -361
  -612 -348 -353 -467 -387 -376]]
fitness: [11953 13016 12662 10490 11662 12839 13019 12913 12965 12913  9783 12867
 12975 13018 10432 12975 12980 12691 13005 13016] 

iteration: 28 
 particles: [[-536 -461 -490 -315 -168 -388 -365 -350 -431 -359  -13 -380 -467 -367
   -55 -392 -333 -297 -328 -362]]
fitness: [12036 12730 12511 12906 12014 13003 13019 12976 12881 13017 10114 13013
 12690 13019 10715 12997 12952 12850 12941 13019] 

iteration: 29 
 particles: [[-444 -203 -134 -585 -431 -438 -367 -413 -416 -339 -303 -406 -545 -373
   251 -381 -416 -291 -432 -361]]
fitness: [12823 12291 11704 11162 12881 12851 13019 12947 12938 12962 12868 12967
 11906 13017  6034 13010 12937 12830 12876 13017] 

iteration: 30 
 particles: [[-198  -97 -104 -242 -417 -470 -364 -441 -333 -393 -567 -369 -358 -363
  -630 -343 -389 -478 -389 -375]]
fitness: [12251 11275 11313 12596 12935 12670 13018 12837 12951 12996 11534 13018
 13016 13018  9784 12968 13002     0 13001 13017] 

iteration: 31 
 particles: [[-405 -527 -498 -127 -362 -245 -363 -360 -313 -408 -357 -338 -221 -362
  -630 -340 -332 -473 -320 -365]]
fitness: [12970 12156 12437 11586 13018 12614 13019 13018 12900 12962 13016 12960
 12422 13019  9783 12963 12949 12648 12920 13018] 

iteration: 32 
 particles: [[-550 -630 -630 -424 -320 -360 -367 -317 -382 -325 -210 -348 -282 -366
  -630 -402 -344 -116 -432 -358]]
fitness: [11827  9784  9784 12910 12920 13017 13018 12913 13011 12934 12343 12974
 12796 13019  9785 12977 12969 11463 12877 13016] 

iteration: 33 
 particles: [[-325 -119  -86 -573 -332 -460 -369 -383 -407 -348 -500 -370 -566 -373
  -421 -396 -406 -620 -378 -370]]
fitness: [12933 11500 11133 11418 12949 12735 13019 13009 12965 12974 12418 13019
 11553 13017 12920 12990 12967 10193 13015 13019] 

iteration: 34 
 particles: [[-238  -10 -295 -544 -409 -407 -361 -414 -323 -371 -335 -385 -286 -372
  -174 -377 -308 -434 -332 -376]]
fitness: [12573 10070 12843 11921 12959 12964 13017 12944 12929 13019 12954 13007
 12811 13018 12063 13016 12884 12868 12949 13015] 

iteration: 35 
 particles: [[-460 -630 -630 -327 -427 -239 -371 -265 -377 -388 -222 -339 -262 -369
  -243 -329 -360 -129 -394 -359]]
fitness: [12735  9783  9784 12938 12896 12579 13018 12721 13015 13004 12429 12962
 12705 13018 12603 12943 13018 11655 12994 13017] 

iteration: 36 
 particles: [[-543 -628 -630 -204 -311 -196 -360 -282 -405 -358 -325 -321 -471 -366
  -630 -324 -416 -576 -396 -353]]
fitness: [11935  9825  9783 12298 12893 12235 13017 12795 12970 13016 12933 12923
 12661 13018  9784 12931 12938 11358 12990 12980] 

iteration: 37 
 particles: [[-255  253 -428 -349 -332 -281 -369 -465 -361 -362 -504 -377 -375 -367
  -568 -461 -365 -173 -344 -383]]
fitness: [12669  6007 12894 12975 12949 12791 13018 12704 13018 13017 12418 13014
 13016 13017 11515 12730 13019 12056 12969 13009] 

iteration: 38 
 particles: [[-293  151 -110 -492 -403 -422 -374 -521 -335 -377 -215 -410 -284 -368
   163 -204 -322   -6 -403 -378]]
fitness: [12836  7519 11388 12493 12976 12917 13017 12229 12955 13015 12381 12957
 12802 13019  7335 12298 12925 10011 12974 13014] 

iteration: 39 
 particles: [[-428 -630 -548 -393 -409 -422 -366 -262 -379 -359  -93 -364 -451 -368
  -630 -470 -384 -630 -350 -353]]
fitness: [12893  9784 11858 12996 12959 12917 13019 12706 13014 13017 11223 13018
 12787 13019  9783 12668 13008  9784 12976 12979] 

iteration: 40 
 particles: [[-312 -630 -505 -315 -317 -277 -361 -277 -363 -355 -630 -335 -276 -368
  -630 -529 -371 -630 -325 -343]]
fitness: [12897  9783 12407 12906 12912 12775 13018 12775 13019 13015  9784 12955
 12771 13018  9784 12130 13018  9784 12934 12968] 

iteration: 41 
 particles: [[-361 -630 -222 -387 -332 -356 -372 -520 -351 -390 -630 -425 -418 -366
  -513 -253 -349 -555 -432 -373]]
fitness: [13018  9784 12430 13006 12949 13015 13017 12241 12977 13001  9783 12905
 12931 13018 12322 12659 12975 11748 12876 13017] 

iteration: 42 
 particles: [[-404 -336 -163 -440 -426 -436 -377 -416 -359 -367 -136 -456 -480 -368
  -292 -231 -384 -168 -377 -378]]
fitness: [12972 12957 11971 12843 12902 12859 13014 12938 13018 13019 11724 12759
 12594 13019 12833 12490 13009 12014 13015 13015] 

iteration: 43 
 particles: [[-379 -164 -509 -325 -405 -308 -375 -233 -375 -351 -230 -315 -364 -368
  -248 -513 -375 -108 -334 -349]]
fitness: [13013 11980 12366 12933 12970 12884 13016 12503 13017 12977 12483 12905
 13018 13018 12632 12322 13017 11363 12949 12975] 

iteration: 44 
 particles: [[-314 -399 -566 -313 -290 -356 -343 -323 -379 -383 -526 -289 -278 -368
  -409 -301 -341 -630 -362 -342]]
fitness: [12904 12985 11553 12900 12826 13016 12967 12929 13013 13010 12167 12822
 12780 13019 12959 12862 12965  9784 13018 12967] 

iteration: 45 
 particles: [[-400 -518   45 -497 -434 -402 -359 -486 -368 -369 -563 -457 -406 -366
  -449 -319 -334 -482 -391 -365]]
fitness: [12982 12266  9226 12447 12869 12978 13017 12546 13018 13018 11607 12753
     0 13018 12798 12917 12952 12580 12998 13018] 

iteration: 46 
 particles: [[-396 -315 -169 -269 -304 -344 -387 -482 -359 -360  -48 -500 -434 -367
  -317 -421 -422  -39 -336 -386]]
fitness: [12991 12907 12022 12739 12871 12969 13005 12579 13017 13017 10618 12418
 12868 13019 12912 12920 12917 10490 12956 13006] 

iteration: 47 
 particles: [[-345 -283 -630 -269 -291 -323 -372 -275 -362 -377 -620 -127 -325 -368
  -344 -355 -368 -225 -382 -367]]
fitness: [12972 12800  9784 12738 12828 12928 13018 12765 13017 13015 10192 11586
 12933 13018 12969 13015 13019 12450 13010 13019] 

iteration: 48 
 particles: [[-327 -427 -630 -605 -485 -383 -349 -233 -370 -370 -630 -329 -304 -368
  -495 -335 -321 -579 -363 -349]]
fitness: [12937 12898  9784 10676 12554 13009 12976 12502 13019 13018  9783 12943
 12871 13018 12466 12955 12923 11294 13018 12976] 

iteration: 49 
 particles: [[-410 -439 -281 -562 -417 -405 -340 -288 -366 -362  143 -581 -410 -367
  -483 -424 -344 -411 -349 -381]]
fitness: [12957 12847 12792 11626 12934 12970 12963 12818 13019 13019  7641 11250
 12956 13018 12570 12910 12969 12954 12975 13009] 

iteration: 50 
 particles: [[-365 -358 -150   75 -217 -299 -371 -462 -360 -370 -630 -552 -430 -367
  -194 -463 -395 -203 -376 -392]]
fitness: [13018 13016 11855  8738 12394 12855 13017 12722 13017 13018  9784 11796
 12885 13019 12220 12716 12992 12291 13015 12997] 

iteration: 51 
 particles: [[-329 -304 -356  197 -364 -348 -387 -424 -372 -375 -630 -371 -386 -367
   -39 -301 -377 -374 -380 -352]]
fitness: [12943 12871 13014  6816 13018 12973 13004 12910 13017 13016  9783 13018
 13006 13020 10490 12862 13015 13018 13013 12978] 

iteration: 52 
 particles: [[-340 -440 -512 -630 -472 -420 -387 -289 -369 -370 -250 -238 -313 -368
  -630 -329 -345 -496 -355 -370]]
fitness: [12963 12841 12333  9783 12655 12925 13004 12822 13018 13019 12643 12572
 12900 13018  9784 12943 12970 12457 13014 13019] 

iteration: 53 
 particles: [[-355 -417 -151 -630 -225 -331 -323 -318 -361 -363 -142 -233 -417 -367
  -630 -374 -391 -195 -353 -372]]
fitness: [13015 12935 11864  9784 12449 12946 12929 12914 13018 13019 11782 12502
 12935 13019  9785 13016 12998 12228 12979 13018] 

iteration: 54 
 particles: [[-380 -260 -341 -194 -513 -315 -331 -406 -364 -367 -225 -370 -446 -367
  -630 -381 -374 -142 -369 -359]]
fitness: [13012 12697 12966 12219 12322 12906 12947 12968 13019 13019 12451 13019
 12814 13019  9784 13012 13017 11781 13019 13016] 

iteration: 55 
 particles: [[-347 -420 -537 -308 -339 -331 -348 -403 -366 -373 -630 -466 -277 -368
  -566 -358 -356 -382 -379 -362]]
fitness: [12973 12925 12024 12884 12962 12948 12974 12975 13018 13018  9784 12697
 12776 13019 11552 13017 13015 13011 13013 13019] 

iteration: 56 
 particles: [[-348 -425  -97 -578 -261 -450 -399 -328 -366 -366 -569 -259 -221 -367
    -7 -353 -373 -513 -366 -371]]
fitness: [12974 12906 11276 11315 12700 12792 12984 12940 13019 13018 11496 12690
 12422 13019 10026 12979 13017 12323 13019 13018] 

iteration: 57 
 particles: [[-402 -283 -294 -137 -286 -529 -420 -343 -366 -366 -294 -322 -630 -367
  -465 -378 -361 -297 -358 -371]]
fitness: [12978 12800 12840 11733 12811 12130 12924 12968 13019 13018 12840 12926
  9784 13020 12703 13014 13018 12850 13017 13018] 

iteration: 58 
 particles: [[-427 -467 -623 -242 -519 -218 -387 -437 -362 -370 -250 -393  -45 -368
  -630 -390 -365 -343 -374 -364]]
fitness: [12898 12690 10060 12597 12253 12401 13004 12854 13018 13018 12643 12996
 10575 13019  9784 13001 13018 12967 13017 13018] 

iteration: 59 
 particles: [[-276 -592 -299 -479 -393 -392 -315 -403 -367 -370 -464 -418 -630 -368
  -255 -346 -366 -444 -374 -359]]
fitness: [12771 10991 12856 12604 12996 12996 12906 12975 13019 13018 12711 12931
  9784 13018 12670 12972 13019 12822 13017 13017] 

iteration: 60 
 particles: [[-308 -207 -270 -276 -217 -489 -441 -297 -363 -368 -267 -323 -452 -367
  -198 -379 -366 -324 -358 -376]]
fitness: [12885 12321 12744 12770 12394 12520 12837 12851 13019 13018 12730 12929
 12782 13019 12251 13014 13019 12930 13017 13016] 

iteration: 61 
 particles: [[-508 -320 -276 -250 -520 -255 -427 -343 -364 -369 -310 -314 -139 -368
  -221 -386 -364 -317 -371 -372]]
fitness: [12377 12920 12771 12642 12242 12670 12897 12968 13019 13018 12890 12904
 11753 13018 12422 13007 13018 12912 13017 13018] 

iteration: 62 
 particles: [[-378 -513 -495 -354 -383 -353 -232 -424 -368 -370 -497 -448 -266 -368
  -478 -361 -362 -377 -373 -351]]
fitness: [13014 12322 12466 13014 13010 12979 12495 12909 13018 13017 12447 12804
 12725 13018     0 13018 13019 13016 13018 12977] 

iteration: 63 
 particles: [[-239 -319 -514 -452 -221 -438 -361 -443 -369 -367 -489 -503 -526 -366
  -574 -351 -364 -403 -363 -346]]
fitness: [12578 12917 12312 12782 12422 12851 13018 12828 13019 13020 12521 12427
 12168 13019 11397 12977 13017 12976 13018 12972] 

iteration: 64 
 particles: [[-365 -263 -168 -369 -282 -276 -453 -377 -362 -367 -119 -430 -310 -366
  -145 -376 -366 -395 -371 -365]]
fitness: [13019 12711 12013 13019 12795 12772 12777 13014 13018 13019 11499 12885
 12891 13019 11809 13016 13019 12992 13019 13019] 

iteration: 65 
 particles: [[-454 -292 -400 -310 -466 -276 -299 -315 -360 -368 -553 -253 -270 -367
  -512 -362 -363 -341 -371 -381]]
fitness: [12771 12832 12982 12890 12697 12771 12855 12907 13018 13018 11780 12659
 12745 13018 12334 13018 13018 12966 13019 13011] 

iteration: 66 
 particles: [[-267 -468 -506 -303 -408 -487 -382 -320 -365 -367 -620 -369 -549 -369
  -422 -360 -361 -359 -368 -355]]
fitness: [12730 12684 12398 12869 12961 12538 13011 12921 13018 13020 10193 13018
 11843 13019 12917 13017 13018 13017 13019 13015] 

iteration: 67 
 particles: [[-442 -233 -116 -444 -275 -451 -418 -401 -370 -368  -50 -446 -380 -367
  -296 -361 -364 -376 -367 -354]]
fitness: [12832 12502 11463 12824 12767 12788 12930 12980 13018 13019 10646 12813
 13012 13018 12846 13018 13018 13015 13019 13014] 

iteration: 68 
 particles: [[-354 -247 -491 -419 -307 -239 -395 -397 -363 -367 -630 -243 -244 -367
  -455 -372 -368 -382 -368 -390]]
fitness: [13015 12626 12504 12928 12881 12578 12992 12988 13018 13019  9784 12602
 12609 13019 12765 13018 13019 13011 13018 13000] 

iteration: 69 
 particles: [[-307 -297 -481 -216 -479 -187 -329 -344 -368 -368 -630 -261 -252 -367
  -479 -373 -370 -371 -370 -381]]
fitness: [12881 12850 12588 12387 12603 12166 12943 12970 13019 13019  9784 12700
 12653 13019 12603 13016 13018 13018 13017 13012] 

iteration: 70 
 particles: [[-449 -518 -123 -485 -352 -567 -342 -346 -364 -367 -433 -445 -460 -369
  -193 -356 -354 -362 -370 -359]]
fitness: [12799 12264 11545 12555 12978 11533 12967 12972 13019 13019 12872 12818
 12736 13019 12212 13016 13014 13019 13019 13018] 

iteration: 71 
 particles: [[-381 -410 -373 -452 -290 -513 -422 -404 -366 -367 -227 -491 -436 -365
  -305 -360 -376 -367 -366 -361]]
fitness: [13011 12956 13016 12782 12826 12323 12916 12973 13018 13018 12463 12503
 12860 13019 12874 13018 13015 13019 13018 13018] 

iteration: 72 
 particles: [[-291 -301 -529 -245 -496  -26 -340 -364 -362 -368 -389 -433 -340 -365
  -530 -371 -366 -373 -366 -365]]
fitness: [12830 12862 12129 12614 12456 10301 12964 13018 13017 13019 13003 12872
 12962 13018 12118 13017 13018 13016 13018 13019] 

iteration: 73 
 particles: [[-357 -326 -386 -222 -229 -630 -342 -347 -362 -367 -475 -316 -342 -370
  -479 -373 -357 -367 -370 -370]]
fitness: [13015 12936 13006 12429 12477  9785 12966 12972 13018 13019 12634 12909
 12966 13018 12604 13017 13016 13019 13018 13018] 

iteration: 74 
 particles: [[-416 -397 -251 -455 -223 -630 -402 -395 -367 -367 -218 -288 -430 -371
   -89 -358 -359 -370 -369 -365]]
fitness: [12938 12988 12648 12766 12437  9784 12977 12992 13018 13018 12402     0
 12885 13017 11172 13017 13017 13018 13017 13017] 

iteration: 75 
 particles: [[-337 -355 -324 -398 -630 -162 -434 -363 -372 -368 -241 -329 -293 -364
  -515 -367 -374 -371 -368 -363]]
fitness: [12959 13016 12931 12987  9783 11963 12868 13018 13017 13019 12591 12943
 12837 13019 12300 13018 13018 13018 13018 13018] 

iteration: 76 
 particles: [[-319 -335 -411 -341  -71 -516 -354 -358 -357 -368 -597 -465 -437 -368
  -492 -369 -366 -371 -368 -364]]
fitness: [12919 12955 12952 12965 10934 12288 13014 13017 13016 13019 10854 12702
 12855 13019 12494 13019 13018 13018 13019 13018] 

iteration: 77 
 particles: [[-391 -354 -378 -406  111 -294 -333 -383 -358 -367 -363 -270 -265 -369
  -199 -370 -361 -369 -369 -365]]
fitness: [12998 13014 13015     0  8150 12840 12951 13009 13017 13019 13018 12744
 12721 13018 12259 13018 13017 13018 13018 13018] 

iteration: 78 
 particles: [[-383 -383 -336 -415 -400 -290 -325 -365 -379 -367 -219 -512 -330 -366
  -173 -368 -368 -367 -368 -366]]
fitness: [13009 13009 12956 12941 12982 12826 12934 13018 13014 13018 12409 12333
 12945 13018 12055 13019 13019 13019 13019 13019] 

iteration: 79 
 particles: [[-351 -359 -382 -294 -604 -454 -356 -360 -380 -368 -395 -316 -417 -366
  -505 -367 -366 -367 -368 -364]]
fitness: [12977 13016 13011 12840 10707 12771 13015 13018 13012 13018 12991 12909
 12934 13019 12407 13018 13018 13018 13018 13019] 

iteration: 80 
 particles: [[-389 -354 -394 -256 -630 -472 -398 -363 -338 -368 -437 -295 -431 -369
  -510 -371 -357 -369 -368 -369]]
fitness: [13003 13014 12994 12675  9784 12654 12985 13020 12959 13018 12855 12843
 12881 13018 12355 13018 13017 13018 13019 13018] 

iteration: 81 
 particles: [[-347 -369 -383 -470  234 -159 -397 -368 -378 -367 -350 -355 -205 -370
  -184 -370 -357 -374 -369 -363]]
fitness: [12973 13018 13009 12670  6270 11936 12988 13018 13015 13018 12976 13015
 12306 13018 12144 13018 13016 13017 13018 13018] 

iteration: 82 
 particles: [[-328 -378 -345 -392 -630 -417 -329 -371 -376 -366 -329 -436 -554 -365
   -80 -367 -375 -371 -369 -365]]
fitness: [12941 13013 12970 12997  9784 12934 12943 13019 13016 13018 12942 12859
 11762 13019 11053 13017 13016 13019 13019 13018] 

iteration: 83 
 particles: [[-375 -363 -341 -311 -630 -492 -344 -370 -357 -370 -422 -308 -517 -367
  -227 -366 -369 -365 -368 -366]]
fitness: [13016 13019 12965 12893  9784 12494 12969 13018 13015 13017 12917 12884
 12277 13019 12463 13018 13019 13019 13019 13019] 

iteration: 84 
 particles: [[-387 -362 -416 -349 -392 -223 -356 -365 -361 -363 -343 -342 -389 -368
  -511 -368 -356 -368 -368 -363]]
fitness: [13005 13017 12938 12975 12998 12436 13016 13019 13018 13019 12968 12966
 13002 13018 12344 13019 13016 13019 13019 13017] 

iteration: 85 
 particles: [[-342 -371 -386 -391 -186 -224 -374 -367 -376 -370 -360 -401 -271 -367
  -494 -369 -354 -372 -369 -368]]
fitness: [12967 13018 13005 12999 12159 12443 13017 13018 13016 13018 13018 12980
 12748 13018 12476 13019 13014 13018 13018 13020] 

iteration: 86 
 particles: [[-364 -361 -339 -350 -371 -433 -374 -369 -376 -369 -381 -358 -299 -366
  -193 -368 -371 -370 -367 -371]]
fitness: [13018 13017 12962 12976 13018 12873 13017 13019 13016 13019 13011 13017
 12856 13019 12211 13018 13017 13018 13020 13017] 

iteration: 87 
 particles: [[-379 -359 -372 -361 -470 -493 -360 -367 -369 -364 -367 -341 -450 -368
  -587 -369 -373 -367 -367 -365]]
fitness: [13013 13017 13018 13017 12669 12485 13017 13018 13018 13018 13019 12964
 12792 13019 11114 13020 13018 13018 13019 13019] 

iteration: 88 
 particles: [[-357 -374 -385 -385 -288 -322 -364 -367 -357 -367 -360 -348 -335 -368
  -318 -369 -362 -375 -367 -367]]
fitness: [13015 13017 13007 13008 12819 12926 13017 13018 13016 13019 13017 12974
 12955 13019 12915 13019 13018 13016 13019 13019] 

iteration: 89 
 particles: [[-371 -361 -340 -361 -220 -295 -369 -370 -372 -370 -366 -377 -337 -366
  -308 -368 -360 -371 -368 -371]]
fitness: [13017 13018 12963 13017 12415 12843 13018 13018 13018 13019 13018 13015
 12959 13018 12884 13019 13017 13018 13019 13018] 

iteration: 90 
 particles: [[-377 -369 -374 -372 -422 -400 -369 -368 -362 -368 -374 -385 -406 -368
  -550 -369 -366 -363 -368 -370]]
fitness: [13015 13018 13017 13018 12917 12982 13019 13019 13018 13019 13016 13007
 12970 13019 11828 13018 13018 13018 13019 13018] 

iteration: 91 
 particles: [[-363 -370 -382 -369 -379 -356 -365 -367 -358 -365 -359 -340 -331 -368
  -574 -369 -363 -365 -367 -365]]
fitness: [13019 13018 13010 13019 13014 13015 13019 13019 13017 13018 13016 12963
 12948 13019 11397 13018 13019 13019 13019 13019] 

iteration: 92 
 particles: [[-360 -361 -375 -365 -331 -341 -366 -368 -382 -371 -376 -357 -367 -366
   -63 -367 -360 -380 -367 -368]]
fitness: [13018 13017 13017 13018 12947 12966 13019 13019 13010 13018 13015 13015
 13019 13020 10825 13019 13017 13011 13019 13018] 

iteration: 93 
 particles: [[-367 -366 -360 -371 -398 -391 -369 -368 -373 -370 -381 -378 -389 -366
  -299 -370 -360 -372 -367 -370]]
fitness: [13018 13019 13018 13018 12987 13000 13018 13019 13018 13018 13011 13014
 13002 13018 12856 13018 13017 13017 13018 13018] 

iteration: 94 
 particles: [[-369 -365 -371 -369 -365 -337 -367 -368 -355 -366 -331 -374 -350 -368
  -479 -367 -367 -365 -369 -368]]
fitness: [13019 13019 13019 13019 13018 12959 13019 13019 13015 13020 12947 13016
 12976 13019 12604 13019 13018 13019 13018 13019] 

iteration: 95 
 particles: [[-369 -366 -377 -367 -344 -318 -364 -368 -382 -364 -403 -356 -366 -368
  -354 -368 -361 -364 -367 -366]]
fitness: [13018 13019 13015 13019 12969 12915 13020 13019 13010 13019 12974 13015
 13020 13018 13014 13018 13016 13019 13019 13019] 

iteration: 96 
 particles: [[-365 -364 -356 -368 -348 -467 -362 -368 -354 -370 -353 -378 -379 -366
  -287 -370 -361 -381 -367 -367]]
fitness: [13017 13018 13015 13018 12974 12689 13018 13019 13013 13017 12980 13014
 13014 13018 12815 13019 13018 13011 13018 13019] 

iteration: 97 
 particles: [[-367 -366 -359 -370 -387 -388 -365 -368 -355 -370 -355 -379 -361 -369
  -269 -368 -368 -366 -367 -370]]
fitness: [13017 13018 13016 13019 13005 13003 13020 13017 13015 13018 13014 13014
 13018 13018 12740 13018 13018 13019 13018 13018] 

iteration: 98 
 particles: [[-365 -362 -378 -367 -404 -309 -370 -368 -376 -363 -358 -370 -358 -368
  -486 -368 -361 -366 -368 -370]]
fitness: [13018 13019 13014 13019 12972 12887 13018 13019 13016 13018 13016 13018
 13017 13018 12547 13017 13018 13019 13019 13018] 

iteration: 99 
 particles: [[-367 -368 -368 -369 -382 -369 -368 -368 -366 -373 -384 -362 -374 -367
  -249 -369 -368 -377 -367 -367]]
fitness: [13019 13019 13018 13019 13010 13019 13018 13018 13019 13017 13009 13018
 13016 13020 12637 13018 13017 13015 13018 13019] 

iteration: 100 
 particles: [[-366 -367 -364 -368 -319 -402 -366 -368 -356 -363 -348 -375 -363 -367
  -386 -369 -371 -374 -366 -367]]
fitness: [13019 13019 13020 13017 12918 12977 13019 13018 13015 13019 12974 13017
 13019 13018 13006 13019 13018 13016 13019 13018] 

iteration: 101 
 particles: [[-365 -362 -367 -369 -384 -306 -365 -368 -362 -366 -391 -375 -364 -368
  -407 -369 -356 -362 -368 -369]]
fitness: [13019 13018 13018 13019 13009 12877 13018 13019 13017 13018 12998 13016
 13019 13018 12964 13019 13014 13018 13019 13019] 

iteration: 102 
 particles: [[-368 -363 -365 -369 -391 -456 -367 -368 -371 -371 -364 -362 -367 -368
  -381 -367 -358 -368 -368 -367]]
fitness: [13020 13018 13018 13018 12998 12758 13018 13019 13019 13018 13018 13017
 13018 13018 13011 13018 13016 13018 13018 13018] 

iteration: 103 
 particles: [[-369 -370 -367 -368 -369 -442 -366 -368 -366 -366 -350 -365 -367 -366
  -303 -367 -381 -372 -368 -366]]
fitness: [13019 13018 13019 13018 13018 12832 13019 13018 13020 13019 12976 13019
 13018 13019 12867 13018 13011 13018 13019 13019] 

iteration: 104 
 particles: [[-368 -370 -363 -368 -345 -316 -366 -368 -364 -365 -384 -372 -367 -368
  -360 -371 -331 -374 -366 -369]]
fitness: [13017 13018 13017 13019 12971 12909 13019 13019 13017 13019 13009 13018
 13019 13017 13018 13018 12947 13016 13018 13017] 

iteration: 105 
 particles: [[-367 -355 -371 -369 -395 -348 -364 -368 -370 -370 -372 -368 -365 -367
  -392 -365 -357 -364 -368 -370]]
fitness: [13019 13014 13018 13018 12993 12974 13018 13018 13019 13019 13018 13019
 13017 13019 12996 13018 13016 13019 13018 13019] 

iteration: 106 
 particles: [[-370 -367 -366 -370 -373 -377 -366 -368 -367 -368 -356 -366 -369 -367
  -340 -371 -395 -367 -368 -368]]
fitness: [13017 13018 13018 13019 13017 13014 13018 13019 13019 13019 13015 13019
 13018 13018 12964 13018 12991 13019 13018 13019] 

iteration: 107 
 particles: [[-368 -373 -363 -369 -332 -376 -369 -368 -365 -366 -379 -371 -363 -368
  -347 -370 -344 -374 -368 -366]]
fitness: [13018 13018 13019 13017 12949 13016 13017 13017 13018 13018 13013 13018
 13018 13018 12973 13018 12970 13017 13018 13019] 

iteration: 108 
 particles: [[-367 -357 -369 -367 -369 -360 -363 -368 -367 -366 -382 -369 -371 -368
  -380 -366 -358 -366 -367 -370]]
fitness: [13019 13017 13018 13019 13018 13017 13019 13018 13019 13018 13010 13017
 13019 13019 13012 13019 13017 13019 13019 13019] 

iteration: 109 
 particles: [[-368 -368 -361 -366 -376 -369 -365 -368 -368 -370 -344 -368 -365 -366
  -369 -370 -378 -371 -367 -365]]
fitness: [13018 13019 13019 13018 13015 13018 13019 13019 13018 13018 12969 13019
 13019 13019 13019 13018 13014 13018 13019 13018] 

iteration: 110 
 particles: [[-368 -365 -360 -370 -371 -373 -366 -368 -366 -366 -356 -370 -365 -370
  -362 -368 -383 -371 -368 -370]]
fitness: [13018 13018 13018 13018 13017 13017 13019 13019 13019 13019 13015 13018
 13018 13019 13018 13018 13010 13019 13019 13018] 

iteration: 111 
 particles: [[-368 -364 -371 -368 -364 -361 -367 -368 -368 -367 -386 -370 -369 -365
  -377 -368 -350 -368 -368 -368]]
fitness: [13019 13018 13018 13018 13018 13017 13019 13018 13019 13019 13005 13018
 13018 13019 13014 13018 12975 13019 13018 13018] 

iteration: 112 
 particles: [[-368 -364 -367 -369 -364 -366 -367 -368 -367 -369 -363 -370 -364 -367
  -360 -368 -345 -368 -367 -366]]
fitness: [13019 13019 13019 13018 13019 13018 13020 13017 13019 13019 13018 13018
 13019 13019 13018 13018 12970 13018 13019 13019] 

iteration: 113 
 particles: [[-368 -363 -364 -367 -369 -374 -361 -368 -365 -365 -364 -366 -364 -369
  -369 -368 -391 -375 -368 -368]]
fitness: [13019 13018 13018 13019 13018 13017 13018 13018 13018 13018 13019 13019
 13018 13019 13019 13019 12999 13016 13018 13018] 

iteration: 114 
 particles: [[-368 -365 -362 -367 -364 -370 -375 -368 -365 -366 -371 -371 -369 -367
  -373 -369 -377 -361 -368 -369]]
fitness: [13018 13019 13017 13018 13018 13019 13017 13018 13019 13018 13018 13018
 13019 13019 13017 13019 13015 13018 13019 13018] 

iteration: 115 
 particles: [[-368 -367 -374 -368 -368 -364 -353 -368 -367 -369 -365 -368 -368 -368
  -365 -368 -344 -360 -367 -368]]
fitness: [13018 13019 13016 13018 13019 13019 12978 13018 13019 13018 13018 13019
 13019 13018 13018 13019 12969 13016 13019 13019] 

iteration: 116 
 particles: [[-368 -365 -365 -370 -364 -365 -374 -368 -369 -367 -367 -368 -366 -367
  -371 -369 -337 -370 -367 -367]]
fitness: [13018 13018 13018 13018 13019 13018 13016 13018 13018 13019 13019 13019
 13019 13019 13017 13018 12959 13019 13018 13019] 

iteration: 117 
 particles: [[-368 -361 -363 -367 -364 -369 -372 -368 -367 -367 -368 -371 -368 -367
  -368 -368 -367 -373 -367 -369]]
fitness: [13018 13019 13017 13019 13019 13018 13018 13019 13019 13018 13019 13019
 13019 13019 13019 13018 13019 13017 13019 13018] 

iteration: 118 
 particles: [[-368 -367 -370 -368 -370 -370 -359 -368 -365 -368 -367 -367 -366 -368
  -366 -368 -379 -369 -368 -368]]
fitness: [13019 13019 13018 13017 13018 13019 13018 13018 13019 13019 13018 13020
 13018 13018 13017 13018 13014 13018 13019 13019] 

iteration: 119 
 particles: [[-368 -369 -363 -368 -365 -366 -367 -368 -367 -368 -368 -365 -368 -367
  -367 -368 -372 -365 -367 -367]]
fitness: [13018 13018 13019 13017 13018 13018 13018 13018 13019 13018 13018 13019
 13018 13018 13019 13018 13018 13018 13019 13019] 

iteration: 120 
 particles: [[-368 -360 -363 -368 -365 -370 -371 -368 -368 -366 -367 -368 -367 -367
  -370 -369 -347 -371 -367 -369]]
fitness: [13018 13017 13017 13018 13018 13018 13018 13018 13019 13019 13018 13018
 13018 13018 13018 13019 12972 13019 13019 13018] 

iteration: 121 
 particles: [[-368 -364 -368 -370 -365 -367 -364 -368 -367 -367 -368 -368 -365 -369
  -369 -368 -385 -374 -368 -367]]
fitness: [13018 13018 13019 13017 13018 13018 13018 13018 13019 13019 13018 13019
 13018 13018 13017 13018 13008 13017 13018 13019] 

iteration: 122 
 particles: [[-368 -365 -368 -366 -368 -367 -366 -368 -367 -369 -367 -367 -366 -365
  -366 -367 -338 -363 -366 -368]]
fitness: [13018 13019 13019 13018 13019 13020 13020 13018 13020 13017 13019 13019
 13018 13018 13019 13019 12960 13018 13018 13018] 

iteration: 123 
 particles: [[-368 -368 -367 -369 -366 -369 -367 -368 -366 -366 -367 -367 -370 -368
  -366 -368 -392 -367 -365 -368]]
fitness: [13018 13018 13018 13019 13020 13018 13019 13018 13019 13019 13020 13018
 13018 13018 13019 13018 12997 13019 13019 13018] 

iteration: 124 
 particles: [[-368 -367 -366 -368 -368 -364 -367 -368 -369 -367 -367 -367 -363 -368
  -372 -370 -321 -379 -369 -368]]
fitness: [13017 13019 13018 13019 13018 13018 13020 13018 13018 13018 13018 13019
 13018 13018 13019 13017 12923 13013 13018 13019] 

iteration: 125 
 particles: [[-368 -363 -365 -368 -368 -365 -367 -368 -363 -369 -369 -368 -365 -367
  -372 -368 -417 -360 -366 -368]]
fitness: [13018 13018 13018 13019 13017 13019 13019 13018 13018 13017 13019 13019
 13018 13019 13017 13017 12934 13017 13018 13018] 

iteration: 126 
 particles: [[-368 -362 -368 -368 -365 -373 -365 -368 -366 -367 -366 -366 -371 -368
  -361 -369 -327 -363 -367 -368]]
fitness: [13018 13018 13018 13019 13018 13016 13018 13018 13019 13018 13018 13018
 13018 13019 13017 13018 12938 13019 13018 13018] 

iteration: 127 
 particles: [[-368 -363 -363 -369 -369 -371 -364 -368 -367 -366 -368 -370 -365 -366
  -373 -368 -338 -377 -369 -368]]
fitness: [13019 13019 13018 13018 13019 13018 13019 13019 13018 13019 13018 13018
 13018 13018 13017 13019 12961 13014 13019 13019] 

iteration: 128 
 particles: [[-368 -366 -365 -369 -368 -360 -366 -368 -369 -368 -367 -366 -367 -369
  -369 -369 -382 -365 -367 -368]]
fitness: [13019 13019 13019 13019 13018 13016 13018 13019 13018 13018 13019 13019
 13019 13018 13018 13018 13011 13018 13019 13018] 

iteration: 129 
 particles: [[-368 -367 -367 -367 -367 -374 -368 -368 -366 -368 -367 -366 -368 -368
  -366 -369 -382 -365 -367 -368]]
fitness: [13017 13019 13018 13018 13018 13017 13018 13020 13018 13018 13018 13019
 13018 13019 13019 13019 13011 13019 13018 13017] 

iteration: 130 
 particles: [[-368 -365 -364 -368 -367 -361 -366 -368 -365 -366 -367 -368 -365 -367
  -373 -369 -324 -376 -368 -368]]
fitness: [13018 13019 13019 13018 13019 13018 13019 13019 13019 13019 13018 13018
 13019 13019 13017 13018 12932 13016 13018 13018] 

iteration: 131 
 particles: [[-368 -366 -370 -370 -365 -368 -365 -368 -369 -369 -368 -368 -369 -367
  -360 -368 -346 -363 -368 -368]]
fitness: [13018 13018 13018 13018 13018 13019 13018 13018 13018 13018 13018 13019
 13018 13018 13018 13019 12971 13017 13019 13019] 

iteration: 132 
 particles: [[-368 -368 -366 -368 -369 -371 -364 -368 -367 -369 -368 -367 -364 -368
  -364 -367 -378 -379 -367 -368]]
fitness: [13020 13018 13018 13018 13018 13018 13018 13019 13019 13018 13018 13019
 13018 13018 13018 13019 13014 13013 13019 13019] 

iteration: 133 
 particles: [[-368 -365 -366 -367 -365 -363 -370 -368 -366 -366 -366 -368 -365 -367
  -378 -368 -386 -372 -367 -368]]
fitness: [13018 13019 13019 13018 13019 13019 13019 13019 13018 13018 13018 13019
 13019 13019 13014 13017 13006 13017 13019 13019] 

iteration: 134 
 particles: [[-368 -364 -364 -370 -366 -374 -370 -368 -366 -367 -368 -368 -368 -368
  -369 -370 -335 -362 -367 -368]]
fitness: [13019 13018 13018 13019 13018 13017 13019 13018 13019 13019 13018 13018
 13018 13018 13018 13018 12955 13018 13018 13018] 

iteration: 135 
 particles: [[-368 -364 -363 -367 -367 -368 -360 -368 -367 -369 -368 -367 -367 -368
  -365 -368 -387 -374 -367 -368]]
fitness: [13019 13019 13019 13019 13019 13019 13018 13018 13019 13019 13019 13018
 13019 13018 13018 13018 13005 13017 13018 13019] 

iteration: 136 
 particles: [[-368 -370 -371 -370 -366 -363 -370 -368 -367 -368 -366 -368 -366 -367
  -367 -369 -361 -371 -367 -368]]
fitness: [13018 13018 13018 13018 13019 13017 13018 13019 13018 13019 13019 13019
 13019 13018 13018 13018 13018 13018 13018 13018] 

iteration: 137 
 particles: [[-368 -357 -363 -369 -366 -374 -365 -368 -368 -366 -369 -367 -367 -368
  -373 -368 -355 -366 -368 -368]]
fitness: [13019 13016 13018 13018 13018 13017 13018 13019 13018 13017 13019 13018
 13019 13019 13017 13019 13015 13018 13019 13018] 

iteration: 138 
 particles: [[-368 -361 -365 -367 -369 -377 -364 -368 -367 -367 -365 -367 -366 -366
  -367 -369 -381 -370 -368 -368]]
fitness: [13019 13017 13019 13018 13019 13015 13018 13018 13018 13018 13019 13018
 13019 13019 13017 13019 13011 13018 13019 13019] 

iteration: 139 
 particles: [[-368 -367 -366 -369 -367 -364 -371 -368 -366 -368 -370 -367 -368 -369
  -367 -368 -368 -374 -367 -368]]
fitness: [13019 13018 13017 13019 13018 13018 13018 13019 13019 13019 13019 13018
 13018 13017 13018 13019 13017 13016 13019 13018] 

iteration: 140 
 particles: [[-368 -370 -365 -368 -366 -362 -368 -368 -368 -367 -366 -369 -365 -368
  -369 -368 -354 -373 -367 -368]]
fitness: [13019 13018 13018 13018 13019 13018 13018 13018 13018 13019 13019 13018
 13019 13019 13019 13019 13015 13017 13018 13018] 

iteration: 141 
 particles: [[-368 -359 -366 -367 -369 -364 -361 -368 -365 -367 -368 -366 -366 -366
  -370 -369 -377 -362 -368 -368]]
fitness: [13019 13017 13020 13018 13018 13018 13017 13019 13019 13018 13019 13019
 13019 13019 13018 13018 13014 13018 13019 13019] 

iteration: 142 
 particles: [[-368 -365 -367 -368 -364 -368 -368 -368 -371 -368 -368 -368 -369 -368
  -370 -368 -379 -362 -368 -368]]
fitness: [13018 13019 13018 13018 13018 13018 13019 13018 13017 13019 13019 13019
 13018 13018 13018 13018 13014 13018 13018 13019] 

iteration: 143 
 particles: [[-368 -373 -368 -370 -366 -369 -369 -368 -369 -367 -367 -367 -364 -368
  -364 -369 -366 -378 -368 -368]]
fitness: [13019 13017 13018 13019 13019 13018 13018 13018 13018 13018 13018 13019
 13018 13019 13019 13019 13018 13014 13018 13019] 

iteration: 144 
 particles: [[-368 -364 -368 -365 -368 -365 -366 -368 -364 -367 -368 -367 -369 -367
  -367 -368 -363 -374 -367 -368]]
fitness: [13018 13019 13018 13020 13019 13018 13020 13019 13019 13018 13018 13018
 13017 13018 13019 13019 13018 13017 13018 13018] 

iteration: 145 
 particles: [[-368 -366 -364 -365 -365 -369 -366 -368 -366 -368 -367 -368 -365 -367
  -371 -369 -364 -367 -368 -368]]
fitness: [13019 13019 13018 13018 13018 13018 13018 13019 13018 13020 13019 13018
 13018 13019 13018 13019 13017 13019 13018 13019] 

iteration: 146 
 particles: [[-368 -367 -367 -368 -369 -368 -365 -368 -368 -368 -366 -367 -366 -368
  -365 -368 -362 -371 -367 -368]]
fitness: [13019 13018 13019 13019 13019 13019 13018 13019 13019 13018 13018 13018
 13018 13018 13018 13019 13018 13018 13018 13019] 

iteration: 147 
 particles: [[-368 -367 -367 -364 -364 -366 -366 -368 -367 -367 -369 -368 -366 -368
  -368 -368 -363 -371 -368 -368]]
fitness: [13018 13019 13019 13018 13018 13018 13019 13019 13018 13019 13018 13018
 13018 13019 13018 13019 13018 13018 13019 13018] 

iteration: 148 
 particles: [[-368 -363 -365 -369 -370 -368 -364 -368 -367 -368 -368 -367 -366 -366
  -370 -368 -367 -367 -368 -368]]
fitness: [13018 13018 13019 13018 13018 13018 13019 13019 13019 13019 13019 13018
 13019 13019 13018 13018 13018 13018 13019 13019] 

iteration: 149 
 particles: [[-368 -367 -367 -368 -363 -367 -370 -368 -367 -367 -366 -367 -366 -367
  -367 -368 -363 -371 -366 -368]]
fitness: [13019 13019 13019 13019 13018 13019 13018 13019 13018 13019 13018 13019
 13018 13018 13018 13020 13018 13018 13018 13020] 

global best: -368.0 
 manipulability 13020
