iteration: 0 
 particles: [[-430   -1 -223 -137 -165   89 -459   11 -349  282  115  -79  283  286
  -250 -477 -483 -159 -513 -566]]
fitness: [12885  9936 12436 11733 11988  8509 12742  9755 12975  5633  8086 11041
  5622  5587 12643 12619 12572 11937 12322 11552] 

iteration: 1 
 particles: [[-392 -406 -338 -418 -426 -630 -318 -122 -349  -64 -168 -299  105 -630
  -445 -247 -273 -325 -277 -387]]
fitness: [12997 12968 12960 12931 12902  9784 12915 11535 12975 10840 12014 12856
  8246  9783 12818 12626 12757 12933 12775 13006] 

iteration: 2 
 particles: [[-353 -630 -460 -630 -630 -630 -271 -491 -381 -556 -538 -592 -630 -630
  -588 -121 -177 -556 -190 -226]]
fitness: [12978  9783 12735  9784  9784  9784 12749 12502 13012 11730 12008 10992
  9784  9783 11090 11523 12089 11730 12189 12455] 